0.0 0.0 0.0 0.0 0.0 0.0 1.0
-0.8930275136022631 -0.08701010115522713 0.4415100250801983 -0.0006900482167303455 0.005632045828915038 0.0011962771655828874 0.9999831862657406
0.38432209055456523 0.09286094351009096 0.19206224558406282 0.0021597921591753216 -0.002238111354720292 0.002269117372494012 0.999992588603407
0.40344984943638534 0.08075514335334256 0.2575966317148338 0.0024206568029389343 -1.830638700715442e-05 0.004091745609782015 0.9999886987878329
0.4309971544963339 0.0657403143828269 0.3228377434750678 0.003399541243453616 0.001612653612947352 0.005602683485080047 0.9999772259433836
0.46513880463818363 0.010928013343047199 0.3886128518351394 0.003872030428743651 0.0027109435511718668 0.006765338099772668 0.9999659436029894
0.5411527130208418 0.01339985758939455 0.44369131947880314 0.005952207135993184 0.0026435119236916725 0.007191049448825822 0.9999529348338071
0.6021362644932601 0.010139018760947376 0.4863714056061365 0.008068890798895554 0.0030155198958265075 0.007515556891333417 0.9999346558878968
0.7041818976505926 -0.025685054994033077 0.547620214166195 0.009325722896492136 0.0025357983479221513 0.007189210588854542 0.9999274553037863
0.7797902492699448 -0.0673936936428389 0.6010736630737032 0.010364738929461347 0.002880105149726037 0.00702144375058855 0.999917484850079
0.8996827164150039 -0.097331433833373 0.6371955832402267 0.01164806567470542 0.002315322051582512 0.005950097943038135 0.9999117752003441
1.0240558594059388 -0.15135022644360588 0.6801950804161714 0.012208587527640542 0.0019123212526282651 0.004648089982089467 0.9999128405403769
1.2220081741740316 -0.17209596051871193 0.6703846839791244 0.01326512473715802 -0.0003636417465887739 0.0036039010360792343 0.9999054535943436
1.2971347161665192 -0.20956613403264945 0.7184671738381297 0.013795266446644068 0.0003517231476660024 0.002605357428725567 0.9999013846510875
1.4110931910781572 -0.2342886977629774 0.7368651925223 0.014502026501195576 0.0004267558637102961 0.0011908003885732876 0.9998940399368456
1.8088742092187489 -0.3405979108743941 0.7391663541941881 0.01299337664679956 -0.0034277399920424265 -0.0023762196581086823 0.9999068838356889
2.0470760085401536 -0.3664108403543824 0.716973789934721 0.012054726164328277 -0.006073991273082811 -0.003987388711921743 0.9999009405628028
2.1742324778292703 -0.4061983743992116 0.7206945580372541 0.010248723347002013 -0.00599199344882238 -0.005422082317677946 0.9999148267265598
2.2870326940622396 -0.342694187849421 0.7204976094486826 0.010335256994312625 -0.005159519014922295 -0.006005210567060568 0.9999152460446042
2.576538063524964 -0.44032093596844357 0.6898604655839875 0.005979438450081953 -0.008447249648491716 -0.008311847637370542 0.9999118978580317
2.721896648250668 -0.3928139458173445 0.6929448642333291 0.00452351433751785 -0.007895786967284229 -0.008921861804430277 0.9999187940768731
2.8219181030180716 -0.38580454164280814 0.6988322145059075 0.0019381370293355352 -0.006158874229789606 -0.009248444315805779 0.9999363870621043
2.977085493498825 -0.32787236745473786 0.6631349694938308 0.0005313317129922502 -0.006233053576842291 -0.009475031116013027 0.999935543180194
3.1097015633164613 -0.3474542803048584 0.6571860547511663 -0.0028358480728675334 -0.005447824293789028 -0.009863768662640642 0.9999324903431939
3.195389215547714 -0.3142402856321626 0.6632060844951302 -0.005014416875017311 -0.0034008829643287445 -0.009888881884878768 0.999932747555321
3.329202963328554 -0.2421537431697222 0.6653561231013888 -0.006261737043338494 -0.002713512432709033 -0.009131637076287136 0.9999350182405777
3.45620420926638 -0.14213654261737804 0.665542773367431 -0.0067821661850280875 -0.0019264140799194675 -0.008192636094036435 0.9999415842260297
3.5393231213653706 -0.13876909294005568 0.6621808266545052 -0.009460213598234273 -0.00011281925814087137 -0.007163715422178698 0.9999295839267087
3.7440884958947414 -0.06484254069861366 0.6747781363595228 -0.012670678066882565 0.0017528184168309404 -0.004467039578087595 0.9999082093384026
3.8529367822552563 0.0005069177013894907 0.7063683899483939 -0.013315455624746335 0.0024812381016001807 -0.0029004231190579784 0.9999040602201388
3.9550986891280586 0.016437649928601025 0.711331907450778 -0.014722094586347668 0.0026814543367162987 -0.0016228756963895367 0.9998867115869201
4.050304819919103 0.0908598309046026 0.7176705331415493 -0.014456195995940127 0.002963840778460182 -0.00011065695885623374 0.9998911049710385
4.14678643177548 0.11014579003426934 0.7425485667728206 -0.015204466810571075 0.003240982388354049 0.0007551837411602692 0.9998788676233145
4.186816378999458 0.06631210842355785 0.7422916868565866 -0.01711296951312078 0.004461986944330386 0.0019302290375437386 0.9998417430587774
4.336788925028795 0.14389644725858214 0.7867953020688562 -0.015445712640852467 0.002597795667606849 0.002886654614879079 0.9998731662785135
4.43973970779224 0.15991931636941095 0.8066295505182639 -0.015059978571693916 0.0016940586505534273 0.0036107143536452746 0.9998786376118679
4.50120168299777 0.16326999686917884 0.8295322609744938 -0.014248890736861386 0.001699892411391475 0.00445844847729523 0.9998870944840392
4.560044858125677 0.1668083822254293 0.8653569326140198 -0.01276104661063897 0.0016330061348992198 0.005306963073795832 0.9999031578724501
4.636219936690444 0.13065826494516014 0.8784474008263108 -0.011766464932476363 0.0010813109457853526 0.005370197146180616 0.9999157674785624
4.728054236464527 0.06718111280343604 0.9064227950990323 -0.008466006690471267 0.0010696145390003474 0.005634096234122134 0.9999477184408591
4.882831506238929 0.03947520795610872 0.934746049627257 -0.006386330028655433 -0.001597494011949361 0.005228253370813358 0.9999646634598331
4.932431111809366 0.031263746485094855 0.9376451963995847 -0.0036524327603576563 -0.0014657556890698565 0.005295592815988053 0.9999782337590746
5.023943415172737 -0.02593577856508913 0.94179866117368 -0.0019172071503879666 -0.001963036722423068 0.004828695454795398 0.9999845771329545
5.164159711768347 -0.09815226349980442 0.9416497357984045 -0.0004275882206537582 -0.003276602153949667 0.0044361100197201075 0.999984700870234
5.2544546470527616 -0.19790458780343723 0.9091957277125339 0.0004600358108377232 -0.0024876938490274365 0.004124339743263846 0.9999882947155173
5.3408757562610205 -0.32608834947496446 0.8726914643119619 0.0005969570122343535 -0.0013344547232695015 0.0034655948335845944 0.9999929262376642
5.561240877288565 -0.43157047241182656 0.894135572867236 0.0008229376744743487 -0.003188677120027538 0.003467983508098507 0.9999885640357071
5.743213442963801 -0.5222884636552023 0.8596788060079915 0.0011423949650104005 -0.003959829271368103 0.002897207761296043 0.9999873103560232
5.871665788815417 -0.5182419133509314 0.8313067322827464 0.003522908373347769 -0.0034952735335374335 0.0024576057439015192 0.9999846660591982
6.033049829723644 -0.6355293473922033 0.7918138115038286 0.002316407217451978 -0.0034581753793863 0.0014032812362531082 0.9999903529946778
6.2866939724231505 -0.7046781446367643 0.7631190436685219 0.0021163784366101234 -0.005225298433513261 -3.0676031781989023e-06 0.9999841084683214
6.358103092470218 -0.7278897450819475 0.6996166999905049 0.0027891700364110223 -0.0018768524918033288 -0.00023487726003706193 0.999994321377829
6.5527939307145076 -0.8313428165739355 0.6686489006213164 0.0013850539621417187 -0.0014732738982695763 -0.0004483751281072583 0.9999978550223431
6.767942510281276 -0.8859522630821527 0.6207376822087356 0.0013192841418358148 -0.0010425446577645434 -0.0011410511884522015 0.999997935293956
7.089245682590055 -0.8257366115663249 0.602706031044299 0.0032525748774171028 -0.002523068040191546 0.0013154768467791025 0.9999906621589008
7.228791261760498 -0.47722444333994246 0.5036125857005398 0.012566072666832361 0.001450618861439029 0.004283934748301451 0.9999108147358557
7.503342048523861 -0.6116942806436528 0.45421835244095965 0.009397129964730489 0.002470562000522755 0.004810830003179082 0.9999412213657901
7.91791971683137 -0.26867135666383346 0.40030002243925517 0.018079502943829016 0.0013624405963585538 0.007700471427103908 0.9998059702105834
7.9127368025123355 -0.7987434978112425 0.22710207142916042 0.005823221657528712 0.010929171707069968 0.004498712456291154 0.999913198673545
8.194175534671373 -0.9640232221391634 0.14850045073778698 0.0014404404054065418 0.011145263153400404 0.0047744143059750095 0.9999254538257913
8.455678270520096 -0.9728484405424082 0.07653580065783554 0.0012284270809536076 0.012054642393105757 0.0051649885862284995 0.9999132459651614
8.659054677043486 -0.9798608482276479 -0.014862784541212945 0.0005379467160607684 0.015070288097446741 0.00633423184086475 0.9998662283210574
8.908525010268352 -0.9371320696619226 -0.10371601928876147 0.0012262530017687727 0.017274318641201658 0.007558099072180887 0.9998214687420315
9.111919988882686 -0.8767688672978676 -0.20352683083683373 0.0019037606156165141 0.02133158665504879 0.009162189227625607 0.9997286598846978
9.358293833517006 -0.8609903966485116 -0.2952082972490528 0.0018196770677557793 0.024843335963747937 0.01115320986686314 0.9996274822868902
9.616862674884763 -0.8443252767886577 -0.40858344066455865 0.0024761153417908726 0.02825495716215105 0.011945931422710374 0.999526298288856
10.28490978965139 -0.9681475396155071 -0.43785600795085056 2.7256951723169533e-05 0.02227653079643273 0.012606771744220925 0.9996723586950493
10.918781276072476 -0.8735775466858017 -0.4187950235571191 0.003058542726239047 0.018888842703130748 0.014923323454839467 0.9997055323217884
11.013758257493121 -0.7617121379659391 -0.7172182937477642 0.007524980932241341 0.03085483343015794 0.015321858220978151 0.9993781039109386
11.333107293018854 -0.8022232806286231 -0.8208423164754542 0.008864220602855575 0.034018189016020044 0.012413666758349247 0.9993048029939549
11.53451546798421 -0.9167186067893688 -0.9708789303300972 0.0074122628609469355 0.037754978001100864 0.01090952325148656 0.9991999811338278
11.597818659575537 -0.9436523893669485 -1.1477173364765823 0.007554343337889035 0.044681512278216526 0.010342332016203212 0.998919181178203
11.5008382454564 -0.8396185613720695 -1.387184340390643 0.010567569446447198 0.05519777813075504 0.00992073918914333 0.9983702272701062
11.493779926630069 -0.8654475079437868 -1.5974972581810645 0.01009407206352993 0.06279088704674288 0.008295855137741129 0.9979411771244802
11.487514486552403 -0.846134812429154 -1.8375329608051993 0.009575725582148727 0.07054339958565492 0.008032754120649839 0.9974304031438541
11.500381272670051 -0.879396655461088 -2.0686301042949604 0.00783200241808003 0.07762183025510873 0.006773893202606738 0.9969290975675501
11.612774509598227 -0.8371298234194726 -2.157874251355559 0.004023174715847132 0.08356765488673545 0.009714790177536762 0.9964466287632989
11.363234734329168 -0.9642178475215756 -2.3904992284650306 -0.0017919743437442277 0.09905593854246854 0.010244050221133902 0.9950275218819271
11.217387214497137 -0.9967433478472594 -2.6425719942818433 -0.003866278305775767 0.10973553841412308 0.008352832380941066 0.9939182027170248
11.289791982064589 -0.9830761384862916 -2.877213145851254 -0.006940069756807969 0.11418604912807694 0.009605441785033473 0.993388703934369
11.224929483675691 -0.9169288631191475 -3.098635415976691 -0.00787867522446963 0.12112600785683912 0.010242657573462249 0.9925530236028729
11.198252656232977 -0.921074714617997 -3.2676957672782465 -0.010188231830767785 0.12651341913945 0.010183022182106797 0.9918603030513153
11.168264496384605 -0.9145692674364521 -3.3977709125936264 -0.012595414757643066 0.13161741294861032 0.011256596847515392 0.9911566481455948
11.135476846784975 -0.8631873364918782 -3.530023806972448 -0.01403959106815137 0.13612749090327184 0.012917648982335488 0.9905076125137999
11.118975103051648 -0.8663732830470454 -3.637065474476259 -0.016513388204412185 0.14025427992467138 0.013882442978201773 0.9898804588180228
11.093618711016079 -0.8465887122900831 -3.724371240911148 -0.01827888917031139 0.14418706493311897 0.015167319454211257 0.9892653460711367
11.073162242111428 -0.7914549268234882 -3.819163104673752 -0.01940830311944095 0.14755802133863544 0.017208473729016325 0.9887132124840694
11.045995778560997 -0.7687839748099383 -3.917860186972524 -0.020941445634893124 0.1509889173327602 0.018791270341191827 0.988134955791144
11.020049336251606 -0.7095690858735271 -3.991326735987833 -0.02116463041454211 0.15394415616236795 0.02088146738176569 0.9876321276279223
11.0024565055263 -0.6697448454589132 -4.067080473236948 -0.02153780908427407 0.15627469394713175 0.022658830099916157 0.987218780326875
10.990663166091197 -0.6493229881488289 -4.122811775786605 -0.021289225131123083 0.15808502649875308 0.0236565187215029 0.9869124897437381
10.961900323179044 -0.5534553998716751 -4.199270990461895 -0.01885810948806019 0.16040099086746715 0.02715345060945376 0.9864981418914437
10.965074256565767 -0.5105492482884152 -4.224026381584877 -0.016778342728367805 0.16042502909697048 0.028476518452365204 0.9864944932189726
10.962744981933447 -0.4875715175399446 -4.2488794146181 -0.01467646764182999 0.16043104376276102 0.029111492837943617 0.9865084908299044
10.971591484434308 -0.45895449072806904 -4.277082980138588 -0.012079369747035117 0.16020547662865084 0.029651140618104355 0.9865642928591865
10.964919931643907 -0.4678318302892335 -4.307947915300226 -0.009994889674927976 0.16074324791037703 0.029010507778821023 0.9865191842382104
10.97767155471976 -0.4684564520115207 -4.3468045538227225 -0.0080936768630934 0.16105519604621263 0.028690851539713458 0.9864950842549992
10.970353002173077 -0.48215875983815093 -4.395015496512775 -0.006529359467926974 0.16222985887179103 0.027805405279010754 0.9863395458931206
10.952890744368748 -0.5137977626449945 -4.4596429604298695 -0.00541838796107139 0.16414290523759772 0.026353783666585983 0.9860695846736777
10.938402202975073 -0.5409212099185117 -4.529082314108453 -0.00428051416227277 0.16612448216876577 0.024984957076050716 0.9857789232594567
10.918044502712585 -0.5489748609247376 -4.603032196069644 -0.0031032569701135606 0.16852595757202393 0.02422850393717655 0.9853945154188631
10.898842862741137 -0.5846920648295151 -4.67777952006502 -0.00237006363495398 0.17090563274587273 0.022602830915942045 0.9850252583201532
10.876587870510987 -0.59964191542237 -4.756245501144937 -0.0016149269152887394 0.17348906983651355 0.02165261741683633 0.9845964141806122
10.845996043761993 -0.5994584319563446 -4.835011181134177 -0.0007039624302349377 0.17639047226263962 0.021218559955124235 0.9840912957877894
10.830473429138193 -0.633686654000455 -4.89093907147282 2.8354330865690836e-05 0.17840384795240236 0.01959025369864737 0.9837623128539894
10.808297241534886 -0.6481355792836301 -4.949758822317739 0.0007534532546746304 0.1805234476971847 0.01869664106724655 0.9833926747502838
10.789515076452176 -0.6618384937623273 -5.002718019437364 0.0016190187311544608 0.18230212794606754 0.017794849270372764 0.9830801881149516
10.753857686784482 -0.6745941408280406 -5.092413416693173 0.0032544563997873198 0.18571770785643218 0.016565830511733947 0.9824580982217772
10.733994252434515 -0.6807357766837093 -5.137691390684406 0.003892804867295948 0.18735314996938682 0.01607397576893868 0.9821533844414493
10.71539878059812 -0.688453465470077 -5.183705334186704 0.004463134603630331 0.18902939226778065 0.015596684737570359 0.9818374166396289
10.704426633681372 -0.6795072129374784 -5.219472781497477 0.005235843721035679 0.1902960716216609 0.015701956976951384 0.9815872042834435
10.688377373702567 -0.6605904924016701 -5.262341360394647 0.006108523674692533 0.19216076056002918 0.016186065661568404 0.9812109555635354
10.670116593518308 -0.6547094749276877 -5.316082862444681 0.006488772162879693 0.1941033731856807 0.016409038306311 0.980822369145209
10.647964101257786 -0.6359887325708882 -5.379234261860195 0.006886333468580376 0.19651031791477316 0.017090385420817835 0.9803286143383566
10.616357994162652 -0.6186816429126908 -5.456034887850555 0.006802615813815748 0.19959017253553257 0.017951489029985765 0.9796913960461897
10.576699201402995 -0.5764023936243206 -5.543373976430323 0.006910021418720272 0.2033020896431534 0.019667776376815493 0.9788941160938254
10.528331992883905 -0.5412337472676689 -5.645137919349799 0.006769108717168649 0.20759885184739021 0.021242994107345415 0.9779599332693419
10.477774001934065 -0.4872992634974288 -5.74201813308761 0.006629432118664307 0.21231546846036045 0.023593283570966905 0.9768938271135619
10.395463534797315 -0.5712210878968526 -5.879838052790585 0.005663575309584695 0.21859133027751862 0.02095881288290784 0.9755749496603306
10.321958642262242 -0.5828858299034667 -6.004276208860324 0.00489221541964889 0.22474559895185214 0.02119387016269821 0.9741746772769182
10.2944841821706 -0.5718162250247759 -6.127886343914479 0.004350824973129811 0.22942032619690592 0.02194558967482325 0.9730702828385948
10.217864421935252 -0.4986070186189845 -6.29196650251339 0.004686442470674162 0.2361606024227655 0.024972034536184008 0.9713818016678144
10.139001524813684 -0.38560233862546317 -6.445996664932764 0.005189941922539943 0.2429610903640925 0.029532419166236282 0.9695724878987242
10.03839287914121 -0.23079371591316783 -6.603848128757763 0.005123767789186299 0.25089260499589916 0.035981620756264925 0.9673323992970392
9.938602700289856 -0.13707191186602952 -6.766381096758598 0.0054876763991663635 0.2583863412043459 0.0396890740461468 0.965210423424928
9.85200360846994 -0.07879850594472597 -6.918472447200245 0.0047650284692877555 0.265187226341289 0.04254898523256342 0.9632458737751125
9.75878758506584 -0.03728911075264422 -7.070573063433672 0.004004510754527646 0.2725896947304162 0.04469568143510169 0.9610833045482828
9.605576187919793 -0.01774743286514969 -7.274371071593066 0.0027376732864271805 0.28278394564080644 0.04620845527456566 0.9580660331594752
9.4515429610409 0.009373039307751085 -7.479611823988064 0.001499182290147905 0.2930998183765995 0.048003459055215116 0.9548748173655014
9.32862737818394 0.02623974689002363 -7.680943537526832 -0.00021582178843549454 0.3019066573454589 0.04949046254346407 0.9520520037207428
9.18909117224532 -0.04913094825187554 -7.867310177523291 -0.002109896948156164 0.3115613308376038 0.047378512281271844 0.949041812585506
9.016648184380001 -0.16459221051235773 -8.062336331879196 -0.0041661507418247375 0.3226161078663651 0.043699896262018055 0.9455114008830582
8.856161970108575 -0.17645137154859336 -8.247703429026702 -0.005109836711846071 0.3326703925921367 0.043709873875671185 0.9420157888205191
8.621937469245541 -0.17799660639052683 -8.484902671308173 -0.005146199302177052 0.34564567267582175 0.04388951069290753 0.93732400825134
8.375271985998813 -0.18898408535633146 -8.727820741759968 -0.004945890490396429 0.35878489068404745 0.043570436446554575 0.9323897025664483
8.201015192179787 -0.19950220585130285 -8.900096187703092 -0.004421296568696375 0.3685029195558344 0.0429277686113276 0.9286243896740652
8.013685039163745 -0.23529852779298868 -9.07770086743019 -0.00458539076461392 0.3784904038104636 0.041668861301822444 0.9246554463218921
7.796236666845961 -0.26819265700127753 -9.26375683330858 -0.004896728711177613 0.389556737397181 0.04066216420290985 0.9200913861126668
7.560322154484439 -0.32526097779477653 -9.455091330552849 -0.0046027955774298876 0.4011041740029916 0.03821512009228091 0.9152233937496259
7.3417130061060805 -0.3245783171334951 -9.6312977593544 -0.004304372977835494 0.41170253622374653 0.03833859711433872 0.9105013157659394
7.124610084894159 -0.33435800106751046 -9.791625612499017 -0.0031499254959065272 0.4220101329673941 0.03745312160607581 0.9058116743143538
6.8928467693457955 -0.35456037650662453 -9.952990297006188 -0.0023403106734515805 0.43258720093138775 0.036345379953747196 0.9008561760305118
6.642639661951026 -0.39749811800528306 -10.11949537065276 -0.0011212365862175357 0.44363893482508293 0.0339094569005271 0.8955631675479373
6.400458342064025 -0.35815907269080577 -10.274263815371038 0.0008961898134694312 0.45412177899567296 0.03468821352912088 0.8902636320370396
6.210104208687905 -0.3842447513792853 -10.386414552280486 0.0021778646179038026 0.46246851271051886 0.03297079867615936 0.8860197842552292
6.005228919975912 -0.5188861599724125 -10.49079113385602 0.004846827293636442 0.47139149287003973 0.025311441853752614 0.8815474460437311
5.727463579914557 -0.7529411649681219 -10.624340904954803 0.010895295355612285 0.48244106371545764 0.010376885338343063 0.8757991966374978
5.525766950885029 -0.8562830619802024 -10.721660653299534 0.014175004134441397 0.4909686729935947 0.0034477964937491487 0.8710550752369421
5.350061232740768 -0.9041379019575277 -10.812292835614043 0.01857247528358556 0.4980155681686148 -0.0020109245454958046 0.8669668466590892
5.169891618168682 -0.8425139168174514 -10.905338155701818 0.020848212851765382 0.5053452311217287 -0.0006376960067206638 0.862665139406489
5.022968293669841 -0.741220194088123 -10.982126807561196 0.021524740385707567 0.5115634740510544 0.004011990043624179 0.8589664728637748
4.835015545692942 -0.5776468559346073 -11.071548030448342 0.023726270992833375 0.5191053799884973 0.01040625817770877 0.8543174926937358
4.634859024904635 -0.5407333807100859 -11.152468958951042 0.02326150713303929 0.5268802656617203 0.01279091881734968 0.8495248556328076
4.503417895302413 -0.4896784742679068 -11.201127438071781 0.023472482792622557 0.5323337670697187 0.015307699195290233 0.8460706101350283
4.33741553801967 -0.41360063341013753 -11.267793030993651 0.02408888666551287 0.5387286748014858 0.018504080157628132 0.8419315527424845
4.239608472954241 -0.43206735758171305 -11.302632695361515 0.021968318986590976 0.5429141933832032 0.019468036869202676 0.8392750247233791
4.161765736739165 -0.7145506481124323 -11.309247856923273 0.015970847668676767 0.5467167640763827 0.010586122333005819 0.837098349010762
4.177572559738047 -1.065872975738292 -11.262947186605471 0.008316779766327918 0.5472825681292115 5.8352765456218057e-05 0.8369065768597879
4.102266447471435 -1.1134553748433056 -11.288615646482912 0.00571914799303502 0.5505650764386517 -0.0003408636976234534 0.8347725868548123
3.9395734125554056 -1.0022491333461814 -11.362079895214404 0.004557733330732805 0.5564195441238767 0.005664450300736741 0.8308696841181856
3.867899553648107 -1.0032856049853127 -11.390448916758077 0.0027200902561395172 0.5593269874746465 0.0068546359450707825 0.8289143117099593
3.7525218660212167 -1.0154611670537526 -11.42470526694563 -0.0013663646563315684 0.5637528060479366 0.009518836496333272 0.8258875822243966
3.6894003217627636 -1.0470327067062979 -11.441186126480197 -0.004710464125764624 0.5663683584927209 0.010545882804288365 0.8240712823426496
3.6543301253929252 -1.0431797962571527 -11.459396402194038 -0.006124354099440505 0.5678702838821509 0.011598764944880522 0.8230135488691687
3.611972137702889 -1.068133247073664 -11.470175204548815 -0.009154438314375036 0.5696889935563563 0.012763853399209126 0.8217102475485489
3.60108334996895 -1.0707812313837373 -11.47855326418829 -0.01122517806917255 0.5703350477574061 0.014146455343197565 0.8212136180544595
3.6265734717766986 -1.0656621289304655 -11.479174806454555 -0.01170506788581564 0.569661894328996 0.014486018645321215 0.8216681037980575
3.6251840686426613 -1.046635104728186 -11.484200552889316 -0.013500111223031028 0.5698765257332096 0.016829596903793723 0.8214470506875462
3.679182160258848 -1.005902978556052 -11.473082975748893 -0.014526735714990661 0.5681893419672952 0.019617470738915645 0.8225357137936605
3.7282113830134374 -0.9538436679413359 -11.47291863027855 -0.013145524367621496 0.566411013256059 0.02091034309733948 0.8237527036695518
3.7796603035510237 -0.8975003447045097 -11.463068322375916 -0.01139831144319453 0.5645970582279837 0.022272065003098057 0.8249873910897357
3.808726171426702 -0.8615918520459209 -11.457103406838094 -0.01026696400856501 0.5635021471671312 0.023275388007918913 0.8257228202618361
3.8267665896719816 -0.815114367535075 -11.454647973434872 -0.008674014483434446 0.5627693733959002 0.02447747069132226 0.8262059351450355
3.827981413619359 -0.7754003846115584 -11.457549043891085 -0.0067792377695417155 0.5626007282825328 0.02509504869454083 0.8263199749505311
3.8177586736692026 -0.7564071531045702 -11.462081998233026 -0.005056792554166096 0.5628798398692636 0.024852758982499817 0.8261495355495724
3.781107266950538 -0.7373515605446425 -11.475682626821378 -0.003372069754404492 0.5640653892011647 0.024600794850363285 0.8253566906154213
3.7373373254546083 -0.761228410689658 -11.485917529295532 -0.002628538008290963 0.5655836048764541 0.023006673302766283 0.8243657984574772
3.664371668327211 -0.7574579800900562 -11.507964091412143 -0.0013001534691807 0.5680440011027531 0.022231042991487305 0.8226968476538868
3.612214804031204 -0.7774327299122094 -11.523408792577024 -5.725225996309303e-05 0.569882360197482 0.020285558901145178 0.8214758598753796
3.5597899471781957 -0.8202445699188226 -11.539433096873674 0.0014213742080245201 0.5716975967458789 0.016928610467524467 0.8202885222395752
3.467212381061349 -0.8702173032164511 -11.562272171209665 0.0020125640402397006 0.5748488908328985 0.013970137116397236 0.818137847531282
3.2913128259908726 -0.9189091586576147 -11.60455400577654 0.0024586185607886088 0.5809949678005781 0.011080208490092504 0.8138280110471707
3.1528138131498524 -0.9983564685621575 -11.635327365456396 0.0012587170083115226 0.5856572372440529 0.00799787570192266 0.8105183835542613
3.0521265855615964 -1.0420660011313114 -11.658471856682478 0.000599986383132122 0.5891517330757773 0.006182945049659875 0.8079985436995918
2.968281392225553 -1.0982830942519917 -11.682068438387176 0.00017701243975719614 0.5919922735421735 0.003419086805512211 0.8059363663332118
2.8155474657153814 -1.1679927138079667 -11.710376340541906 -0.0029378378790343323 0.5972476983293573 0.002448597928615162 0.8020477294507263
2.7416910816747238 -1.2688091603061387 -11.726487452871051 -0.004702297159361328 0.5998780157658413 -0.001448517646205279 0.8000763441065426
2.629369443359304 -1.358751435958631 -11.75161074545064 -0.00823283406942375 0.6038413446826595 -0.003195787983590361 0.7970556052335289
2.464086245892918 -1.4214325442420688 -11.777808196366513 -0.011539445277445659 0.6095145576918226 -0.003733442057212988 0.7926820967921732
2.3125956197718494 -1.5006772484283155 -11.79458956566121 -0.014784092860065401 0.6147301423835103 -0.0050977868347270834 0.7885824593616332
2.276811595974772 -1.5736295871456465 -11.806328780678628 -0.0180817814441664 0.6163795433241727 -0.006120725820002002 0.7872177871889876
2.128865506505986 -1.6695959938775269 -11.81331233832304 -0.022559361046965105 0.6215035876922225 -0.007077457746553401 0.7830544523254398
2.0916659909322157 -1.7527366787270082 -11.818745046883226 -0.02627846442895065 0.62327816434168 -0.008142142461810248 0.7815161403824323
2.070733949959919 -1.8465743272044493 -11.822343629813206 -0.030932265214363226 0.6245936215476328 -0.008849947071705241 0.7802869224378612
1.895618289662801 -1.877691810132097 -11.845647815094171 -0.033629936189365724 0.6304028972712583 -0.008062808273590048 0.7754973924048008
1.7632496021473838 -1.9369875186902574 -11.853300442527562 -0.03707744040054213 0.6349841081503733 -0.007969715507612166 0.7715937593348893
2.08994662473711 -2.135680678822084 -11.78769483470881 -0.04329929078320991 0.6262897662710235 -0.012729683732710526 0.7782828889510054
1.9330283100865728 -2.1473478171926095 -11.805085258126816 -0.0476788407710058 0.6318875294226336 -0.009117219134249791 0.7735384635673597
2.4621573745405363 -2.3028285143256326 -11.742198178935581 -0.05385789045566568 0.6174002059671615 -0.011717128718770746 0.784715886293861
2.3319855903786224 -2.284595566880043 -11.773639902275228 -0.05568483653154627 0.6220100792048976 -0.00896391404591897 0.7809752291801254
2.214249300904414 -2.2616031305116624 -11.80120912512829 -0.05679760111145646 0.6261740293323937 -0.006538508732653458 0.7775843140143527
2.214647357058379 -2.172279532679051 -11.833662706112976 -0.05327661897893779 0.6267142927053784 -0.005159290602975514 0.7774086305859002
2.157165565912388 -2.23255158406582 -11.835973920794949 -0.05731662433366832 0.6290395290560971 -0.004111615405685265 0.7752465221325617
2.7161342144601406 -2.3455160922663483 -11.761235575607506 -0.061899504719139326 0.6134570445491819 -0.006256943639843716 0.7872736223606098
4.357069992348802 -1.972771175567851 -11.519050116060452 -0.053357042906752555 0.5647548464470105 0.0012374924420356604 0.8235310910945115
4.8703471726114005 -1.4740000772357165 -11.431000305558584 -0.039779660920927405 0.5491689692219544 0.012477398630932486 0.834670795190605
4.765495938171151 -1.3607363508846682 -11.479316364895178 -0.03769617952013094 0.5529287212607688 0.016330188239275872 0.832215207867885
4.9897920210928755 -1.5391445830118056 -11.39464150443418 -0.0436317416551448 0.5464022536789415 0.012556626095879717 0.836291324501098
4.889097281781404 -1.6015587996834435 -11.42074639063766 -0.04618940544442862 0.5500841681174086 0.01201840256059315 0.8337442682328678
4.893519148629842 -1.5366675249027832 -11.433682634922985 -0.04412542013925907 0.5507092057077949 0.013605700300891903 0.8334189840443675
5.486220702497818 -1.4419436617082895 -11.233299669593466 -0.040343050692786625 0.5321953999832935 0.013997938470788934 0.8455439386666961
5.523494692573306 -1.4402159168509667 -11.220211336092639 -0.03923088414030031 0.5313403541237383 0.013363569691798666 0.8461440662288682
5.5113886286444975 -1.4230950855394724 -11.229398182081649 -0.037655779653132604 0.5320684419282727 0.013155740621376961 0.8457612794704177
5.531393818874007 -1.4513853868075755 -11.218752367011348 -0.037335475783993696 0.531775079989112 0.011814985174585626 0.8459797472019532
5.524005883523156 -1.4367657347091043 -11.225364327847501 -0.03512538851949911 0.5323090673950375 0.01105328164292112 0.8457488331740707
5.513529205000209 -1.4660752477248395 -11.226527400178616 -0.034538478417993165 0.5329768077376006 0.009530909574153791 0.8453709113076319
5.535056125600664 -1.4380283631179893 -11.223180764416595 -0.031753775816797516 0.5325406963651618 0.008897545330040767 0.8457617502130166
6.095278425876207 -1.4951404593251822 -10.98518929186943 -0.032054212180793545 0.5147495017613315 0.006050795143187056 0.8567198292301076
6.106952390794502 -1.4639633221978188 -10.98446874269961 -0.02887290458790743 0.5146715106873323 0.005458259403471692 0.8568837720903351
6.105409168814836 -1.4691446497377205 -10.986661227679406 -0.027330120832847197 0.5151070115926106 0.004496568275698352 0.8566782429693975
6.243036370751571 -1.711283502562847 -10.917162911078696 -0.036227692593166584 0.5113207405423529 0.00047056785498718573 0.8586258982505063
6.084770468217112 -1.517587947520909 -10.998132660923208 -0.02694550736519517 0.5172524538300057 0.0033522483280331293 0.8554020113787536
6.088008067425065 -1.411829359636236 -11.007674555402325 -0.020817579764867256 0.5176024772911795 0.004189139187601824 0.8553576766403832
6.253430881140505 -1.3736049944592734 -10.944329851469272 -0.019360257783808867 0.5127738510955019 0.005140902008768166 0.8582900029580729
6.242386540277812 -1.3302673384473818 -10.956730079302659 -0.01735700627903324 0.513675358713814 0.00604174097948361 0.8577877695264726
6.232704830028006 -1.309447528761616 -10.964174570627806 -0.017079328887851606 0.5145776843337078 0.007113230248324638 0.8572441339933065
6.236175075766466 -1.3041301494112914 -10.965118824633631 -0.017302873115345646 0.5150663507519087 0.007828655512704957 0.856939891158026
6.651975414927094 -1.4081458420078778 -10.765356713583095 -0.021656883151052183 0.5020246027859375 0.006333616946024636 0.8645589412562826
6.674503139938273 -1.3901317820276453 -10.75815585852051 -0.021574486524707125 0.5018511153438147 0.007334322409840165 0.8646538077601653
6.665844675475518 -1.356589919299846 -10.767697157767385 -0.02098539592985799 0.5027370633012671 0.00865851728882356 0.8641412433272955
6.689624374843299 -1.342685022750528 -10.75817764014123 -0.02148199095866701 0.5025508683521216 0.009843896511329154 0.8642246504725809
6.707556310426452 -1.3323992214784472 -10.751928102680917 -0.022124349546064702 0.5025253214096727 0.010981539134780859 0.8642095928057615
6.707625455084355 -1.256832364409372 -10.75807027591816 -0.020366203818055078 0.5030328125403322 0.013334505894134121 0.8639244169499806
7.0651480721993805 -1.2156813776299302 -10.58765483942758 -0.020640857955720543 0.4918295019968157 0.015625797448633804 0.870306572652712
7.092463467158832 -1.1597706083363652 -10.576418245105781 -0.019798606544356213 0.4913086705194972 0.017861252976766745 0.8705772688816116
7.140948233019905 -1.1015029007286745 -10.552679742392131 -0.01868148934142305 0.4899522485315709 0.020038465633108814 0.8713186879723829
7.176199375412357 -1.037497003182651 -10.535800435185832 -0.017280757911514778 0.4889780466623624 0.022347732811659412 0.8718385309943826
7.226576583435 -0.9786359368153044 -10.510117947820303 -0.015545297015727442 0.48738428615476387 0.024269768393131892 0.8727117964667648
7.230967636594575 -0.9305120936346961 -10.5094647128482 -0.014534339389478929 0.4874065653685155 0.02625910538380868 0.8726591845609719
7.323188291709793 -0.8642752016639798 -10.464368054824673 -0.01187119064478706 0.4843963813493753 0.027829917317563995 0.8743252920225991
7.3318808822783135 -0.8562244937512471 -10.46110851996076 -0.011268649577142048 0.48438042534091 0.028292491576857287 0.8743272590990402
7.332064657033354 -0.8402017379330058 -10.46338192229548 -0.0097660746789884 0.48471250482278033 0.028437855030679134 0.8741565648412444
7.3567505855896025 -0.8423437125344033 -10.450413968667661 -0.008497173106229468 0.48426797108298963 0.027900582002659432 0.8744334667407695
7.346656016532192 -0.8637363649668576 -10.458474025225925 -0.0077874982019192065 0.4850932456713692 0.02688984563930159 0.8740142070225554
7.342416421084053 -0.8494599354270421 -10.464755556890175 -0.005017132059596576 0.48566702090119046 0.026005774014689658 0.8737425667281846
7.5073037387066766 -1.017612801792795 -10.368402415047887 -0.008887076224906889 0.4804862572801083 0.021529408390824397 0.8766929114664196
7.545655408661098 -1.120459231992941 -10.34380413015813 -0.009072365366066374 0.47993426686665197 0.017398889955284304 0.8770849846520905
7.574986422426879 -1.2031770392997516 -10.320237992489334 -0.010366197103065666 0.4791932338823476 0.014584972406831022 0.8775270167572563
7.616046059218249 -1.26172094319264 -10.290511369143179 -0.010950291308376391 0.47792601065624774 0.012144483719985135 0.8782478755873201
7.6118665264373595 -1.35233047779159 -10.283334310295295 -0.013275897640030732 0.4782519245742079 0.009393508421249506 0.8780720979409706
7.800951777733391 -1.4739715618467326 -10.163197502298322 -0.015393759666230685 0.4715542198128048 0.005015427399641263 0.881688434441597
7.824496831227158 -1.5359291749004855 -10.14061904873259 -0.01718821408907342 0.4709742408641998 0.003017367347446199 0.8819743336589276
7.845404353804311 -1.5739092645590678 -10.123616271314976 -0.018203139541151516 0.4705739439025943 0.0015735898026631935 0.8821713738531399
7.981900926462481 -1.648349513485193 -10.034518696051494 -0.020300493833583618 0.46602546563105657 -0.0008061107949910095 0.8845380181308522
8.008874487173 -1.6549020679515558 -10.01858862802798 -0.02065607429777575 0.46558844039636826 -0.0013205980358728703 0.8847592818302105
8.046567925968814 -1.6782091538845234 -9.995234199505337 -0.022153185764855424 0.464836383001339 -0.001795405019882893 0.8851175910123552
8.077197150078952 -1.72535918716606 -9.972721459159287 -0.02451461153423946 0.4643531042320542 -0.002716142888836579 0.8853066423444409
8.105720840766171 -1.733809380333374 -9.960851798356776 -0.026895263872270737 0.4646859256393547 -0.002301339578657885 0.8850640310904521
8.114660149771149 -1.7266931088994848 -9.959190277649425 -0.027989350260064317 0.46517211656467106 -0.001663414315422714 0.8847760910510517
8.130367706215921 -1.7386474058024741 -9.952884552491104 -0.029979104091810545 0.4653825651106664 -0.0011667526236792654 0.8846010174633443
8.2135031783414 -1.7238608928799213 -9.905658630819895 -0.030796196034109623 0.4630991263625117 -0.000318925927683467 0.8857712412120636
8.23213702779075 -1.6904904976260378 -9.90277124165767 -0.03124154072386619 0.4632285086910316 0.0012028273440309802 0.8856872292606811
8.285845593440119 -1.6743571229335354 -9.873961659647362 -0.03211131380661115 0.46207673656115267 0.0022740745874930655 0.8862554832774683
8.288936677421411 -1.6327911194291898 -9.882090271847566 -0.03208345174829004 0.46271776777572554 0.003998338592719655 0.8859158723022535
8.345810202947042 -1.5827183250149102 -9.85270093316296 -0.031394483061131025 0.4613420975501915 0.005695534299048565 0.8866484175536334
8.37863985307318 -1.515407552328247 -9.842242058756458 -0.029953522532045068 0.4607720681087926 0.007763359058357212 0.8869789275934347
8.367196277683565 -1.4897237535418277 -9.85515253462105 -0.02976048730699777 0.4617717033359436 0.009003357555537082 0.8864536913715225
8.35979746255494 -1.4301215548027966 -9.866211691683509 -0.028081646614012242 0.4626194464719079 0.01081944722071557 0.8860460532225791
8.374452259258902 -1.379573162924018 -9.864460195308407 -0.02629401237659532 0.46256635337384505 0.012157518788513136 0.8861112731347398
8.387124293464032 -1.3584477788872247 -9.860705665755855 -0.02540780868321188 0.46257955054779576 0.012851880860288 0.8861204386714424
8.403484347115953 -1.334702896698595 -9.854915397769128 -0.02391243781358681 0.4625186352483493 0.013319140033074344 0.8861869486031687
8.46185756641587 -1.3539342451373542 -9.818615613420294 -0.024044408435990778 0.46097295929739734 0.012935630488070048 0.8869940623721444
8.42804618112775 -1.2987830226343957 -9.851855960815165 -0.021432116729854355 0.4628078198516594 0.014086793401838103 0.8860875512658362
8.442000165836445 -1.315396197065246 -9.847833153186643 -0.02103937571356096 0.462981166656899 0.01359116843608943 0.8860141444306305
8.412499411941104 -0.9480242078273632 -9.909806297515562 -0.006205041203104684 0.464648377205619 0.020287455775939784 0.8852410983240622
8.449420048709058 -1.359394599080917 -9.863522056102079 -0.020539481808455634 0.46512631731675425 0.01265721153147219 0.8849154951873325
8.41257476360118 -1.348481173682851 -9.895608433590771 -0.019925899913176844 0.467325212984911 0.013111482628939181 0.8837636521403948
8.387832667352447 -1.2883803667346363 -9.929797943029119 -0.016407449750973937 0.4688367012462165 0.013833215484231718 0.883024113660891
8.344873240109061 -1.3415049103215404 -9.960053458759303 -0.017841191000038614 0.47108647534061965 0.012868837892692785 0.8818126885377322
8.444766323851498 -1.3783150803768325 -9.898070148275536 -0.017744113944301428 0.46808900238679946 0.011486645877866698 0.8834284856349941
8.44603639891382 -1.4034149357297405 -9.902262927143733 -0.017795739234037676 0.46865383989513415 0.010717083785293579 0.8831376076987091
8.447440457248343 -1.4006352460385036 -9.90870959599577 -0.017172816195692168 0.46920769921281646 0.010574115138502309 0.8828575295439021
8.387173746740302 -1.4046137724267613 -9.954901540936888 -0.01728982446762787 0.4720129407207913 0.010577045296766783 0.8813585943727896
8.373227415574862 -1.4013506824216162 -9.971824698598654 -0.016929234738145373 0.47315443997575224 0.010520088555340082 0.8807539978218667
8.505666996103738 -1.4507374191735396 -9.884544804334986 -0.018267649179310057 0.46910812414172004 0.009247360918020317 0.8829033623074216
8.489670228284737 -1.4370787036207247 -9.904106207013358 -0.0180121526098171 0.4703737201405687 0.00967093608850063 0.8822304680493951
8.496437839165177 -1.4396687036208056 -9.9120560226086 -0.01871491001139088 0.47152220963170577 0.009970947330997374 0.8815991936115991
8.48548777687956 -1.4381282497040746 -9.92629120671955 -0.019726983977044973 0.472652210023563 0.01062529491954138 0.8809641522621019
8.489230033637382 -1.4191956376081118 -9.93055705288211 -0.019881285331919445 0.47321652229593614 0.011453933987260424 0.8806472988182648
8.667854062949802 -1.4327088130476473 -9.818027920956041 -0.02006244719518376 0.46743884670383495 0.010892163874716476 0.8837306057678751
8.678469074742416 -1.4249480926133626 -9.81503472832334 -0.020895143105874016 0.4677634624038709 0.011683026948810508 0.8835294240238074
8.66788825180872 -1.4091011064052235 -9.82841753456954 -0.02160012196681889 0.46881223831043056 0.012764910491811646 0.8829414346385148
8.691614050510248 -1.3848409428993582 -9.820141375578952 -0.021741055169812385 0.46859109515688635 0.013830978006840116 0.8830393060940988
8.67472571037771 -1.3355442044820764 -9.839480915783126 -0.020893008581919947 0.46977699858651306 0.015407745001858103 0.8824033404205816
8.807190797128053 -1.3503565701420612 -9.75431888614318 -0.020887559117327696 0.46555187871933607 0.014836664566212696 0.8846496659579806
8.834050638818137 -1.339189520175984 -9.742414587545014 -0.020693151089087737 0.4651653581620945 0.015303583863644577 0.8848495823499398
8.851417576055086 -1.3290458321506409 -9.735428747219393 -0.020242871031510828 0.4651231310373912 0.015641243443274618 0.884876291155958
8.862166161153114 -1.322580755235544 -9.740228996596759 -0.019155093100565124 0.4659700535941896 0.015747536778903677 0.8844529420196044
8.855301216371101 -1.3185663714543427 -9.754752652612792 -0.01834981255326386 0.4668444600981082 0.0156959267699219 0.8840097128073873
8.941228489666031 -1.3019046802891365 -9.705783881139991 -0.015983932670753005 0.4643254751821238 0.015234312013882319 0.8853893396301626
8.954835783900215 -1.3436657073922298 -9.702094889178243 -0.016184134100139202 0.46450336304761897 0.014024680429478922 0.8853123786888624
8.929531872102023 -1.3395613097444659 -9.731389668170014 -0.01454183070071669 0.46604435366585595 0.013619895515595185 0.8845369941512852
9.002038139417119 -1.3675215195046615 -9.687894340610528 -0.013775488199690034 0.464092885267016 0.012368892095765215 0.8855930443932585
9.008015090816832 -1.3887315915149998 -9.69352973934522 -0.014032283155624199 0.46461430465151443 0.011910776873914482 0.8853218490113581
9.014240490176844 -1.4360993708306222 -9.694175341704279 -0.014972963491623146 0.4651330176406011 0.010827257907406247 0.8850479403687878
9.019343648608963 -1.4225589476363854 -9.70190407023883 -0.014259741552708137 0.4657317149765377 0.011085207015189476 0.8847416276073448
9.087671787246418 -1.4633951866737016 -9.66208740173007 -0.015556721444854213 0.4641090527394374 0.010251933356245246 0.8855821099399245
9.079957523975411 -1.482593721098018 -9.676306337858941 -0.016409611295141218 0.4652114840855513 0.010012622098261943 0.8849908175403735
9.081016432445006 -1.4654286852112062 -9.689309559370711 -0.01662178287040354 0.4660242399880239 0.010755827056592017 0.8845504147656721
9.165247239231224 -1.4899294588369218 -9.638838061474303 -0.017651302040275912 0.4637779258633689 0.010258647168292003 0.8857162227126875
9.179989319944287 -1.4769944062518636 -9.64033579159941 -0.017905372868910648 0.46408493337089546 0.010837228074786844 0.8855434075911873
9.225766147310848 -1.4577061476495559 -9.626999703745915 -0.01899544823435989 0.46400502776336133 0.012137691897649404 0.8855456981952404
9.290913719843386 -1.4542331740030667 -9.587364278448971 -0.019584670114906427 0.4623631211218665 0.012571545847407974 0.8863852103673341
9.3223892815949 -1.4385835883193552 -9.572053948627104 -0.019995723220809294 0.46184127149186344 0.013469997594780559 0.8866348572915754
9.343280927890039 -1.3755929291638054 -9.56821260255662 -0.01787475754933158 0.46155789081981213 0.01490729964259736 0.886804701657521
9.404769898627729 -1.3507780202978246 -9.529712943365027 -0.017208530422664778 0.45977635758438595 0.015684634383886273 0.8877294406131695
9.458552317703075 -1.3199104845610687 -9.494057779431197 -0.01602566799499426 0.45817622173386247 0.01647037175702336 0.8885642659128163
9.488173195766253 -1.303580120361026 -9.477629929037583 -0.014979138931810547 0.4574015891146402 0.016810715484071145 0.8889751467376222
9.479022314742899 -1.2918165605823957 -9.489812453603594 -0.01441112960034584 0.4581031152850256 0.01723820296213062 0.8886150457135154
9.511921346627018 -1.2821914445073228 -9.473306350752964 -0.01290830779854261 0.45724910779872435 0.017054515497835356 0.8890814206292823
9.545147450845619 -1.307020300379205 -9.449206537318778 -0.01299414757580171 0.45646520915430766 0.016319410197864558 0.8894966789208864
9.587256300277904 -1.3062231799090083 -9.426529011378925 -0.011492458479416826 0.4553631830823327 0.01567164023528675 0.8900936437159636
9.56989839299303 -1.3666594392670737 -9.44318497084396 -0.013037332999612098 0.4565706036205925 0.014254003818507254 0.8894774506601767
9.604598139491516 -1.401098204904667 -9.423782363206088 -0.013496318434217641 0.4558991935779854 0.013158771612227957 0.8898317938876549
9.636930129923599 -1.4360362141911094 -9.417622112697059 -0.013674367376018001 0.4560853181569863 0.011856071565112364 0.889752003541183
9.628948322955782 -1.4863137197048408 -9.429948383184177 -0.014938764998398827 0.45711255861878297 0.010528068407640203 0.8892210646565434
9.623749364674689 -1.4972365349024546 -9.44648074053201 -0.015823657812625166 0.4580307121028253 0.010354788358116875 0.8887352007105752
9.788654137056486 -1.5597171243068244 -9.324337932497166 -0.01786157521033421 0.4526833656979425 0.008723162951192864 0.8914497411405286
9.810759583404792 -1.5328292872027267 -9.323417211447746 -0.01704600870929699 0.4525514399494687 0.009068311721404126 0.891529244337654
9.794841689811072 -1.5653979283759973 -9.343906883970446 -0.01835503552171584 0.45383129492668656 0.008332303590057499 0.8908595967564398
9.868790981039158 -1.5773439319618832 -9.298093781902821 -0.01888156703986434 0.451745273175534 0.007903522714316769 0.8919121195041502
9.878868840807035 -1.5841650921742996 -9.299749591451402 -0.019596836108604746 0.45203107873119985 0.007826747680210725 0.8917525496999662
9.924298107010872 -1.5703085692296004 -9.27800800303116 -0.019328285850162163 0.4509917707343293 0.008051968531374592 0.8922824697923737
9.912830182841105 -1.5913577082530297 -9.297234958313984 -0.020679990807627457 0.45211807473825016 0.007861074860980225 0.8916836815694255
9.990946191674695 -1.543587605996273 -9.255414514017236 -0.01916011100494008 0.4498956774089727 0.008713293143085376 0.8928330460492615
9.99419725328587 -1.5559138734292253 -9.263584070043603 -0.02030671987082394 0.4505123823776383 0.00877885186856602 0.8924960292418013
10.014982617868814 -1.545644441159451 -9.262164496167308 -0.020526340294973702 0.45047892687169844 0.009228782119692646 0.8925033531473174
10.068271013872153 -1.542555174106695 -9.232930475471349 -0.020605114953859256 0.44920036941846103 0.009352643879625588 0.8931444370338525
10.109465078763487 -1.5202489453435806 -9.237823431024236 -0.02101748647541596 0.449201328904361 0.010437570529666724 0.8931223256050932
10.113838896063683 -1.504972417576963 -9.254814014322422 -0.02048585434705437 0.44976256170202744 0.010843204614202163 0.8928473513297757
10.157852942620835 -1.515986882582242 -9.234273907370827 -0.0206881787426979 0.44883825504869734 0.010568017084888318 0.8933109968426697
10.167093807196336 -1.532628146830086 -9.244593624408424 -0.021422268913007754 0.44924724613190975 0.010344855217689974 0.8930906909200426
10.197369070367015 -1.52671702104856 -9.239420957284398 -0.020973151853205557 0.4488312694890217 0.010352306178872714 0.8933103873721577
10.284697112717685 -1.5149879851303387 -9.18727399314346 -0.020148570409093514 0.44625251647226416 0.01030811924599379 0.894620852277797
10.288212760172518 -1.5491300075505423 -9.19607739113266 -0.0210895347885825 0.44679814258069894 0.009542794728829265 0.8943352762681355
10.292254859466961 -1.5591619863656827 -9.211907999127199 -0.021345830202982228 0.447354471976111 0.009273305232622287 0.8940538785475868
10.346403202114479 -1.5985329991503239 -9.18209836505605 -0.02220288208069617 0.4460503357241796 0.008183382341312145 0.8946950107612723
10.33681123963082 -1.601236335147556 -9.211971667622016 -0.022915716334157538 0.44722521891954575 0.008311442614604756 0.8940891417688289
10.349818837675487 -1.5982105605590609 -9.223396809972574 -0.022908567631803045 0.4475707371750699 0.008274419594798675 0.8939167560427497
10.336796462143813 -1.6114615233655862 -9.254256733180215 -0.023305829020498412 0.4489042155758239 0.007874568327551647 0.8932411962877531
10.397073074522735 -1.6408396010872865 -9.224915695975936 -0.024917133790268598 0.44756712942396754 0.0073485878726927 0.8938729212584665
10.456895727262427 -1.6341749194053925 -9.197402821626108 -0.024909670797660804 0.44621993440719954 0.007413892917027009 0.8945458694947966
10.435664527505836 -1.6818321402882659 -9.257155399674748 -0.026992418905198486 0.44867436175021896 0.006475448570611063 0.8932641238712598
10.50394861247161 -1.6765738000077768 -9.225614799036956 -0.026628582189947 0.44697226411238605 0.0063434722802613395 0.8941288912031813
10.520847188919797 -1.6293002915583992 -9.237614413253088 -0.02463622137257418 0.447085969260981 0.007070156483577633 0.894123708204714
10.510399073473199 -1.674115695768002 -9.265471808860658 -0.02672756192480538 0.4483791043368623 0.006403040680314315 0.8934208511657175
10.547880060159638 -1.6471601851738364 -9.262906963135249 -0.026118332425827204 0.4478474774511842 0.0070292645742992465 0.8937007659678096
10.573729097263964 -1.6155407802097819 -9.267696073217733 -0.025102606120822313 0.4476681756722823 0.007686285957922947 0.8938142898076571
10.563949324326916 -1.633721629407198 -9.29840275704671 -0.02615631451458839 0.4488114706670948 0.007589756642989245 0.893211344869037
10.576530472126487 -1.6013461498379746 -9.313743880487198 -0.024962140107051344 0.44907176223341866 0.008229658516873373 0.8931090172238457
10.621314555785236 -1.5717300241540848 -9.30129301452967 -0.024727808056808704 0.4481795292189106 0.00911809646135876 0.8935549817525179
10.572973083930167 -1.577452045778839 -9.364518398697024 -0.025539367184188397 0.4506905356272124 0.009388108865429314 0.8922654567065893
10.669435445395665 -1.5621455861100095 -9.323838781557438 -0.025847610126867027 0.44840708502310656 0.010036423350698582 0.8933992709635125
10.697829996411016 -1.5496617852268548 -9.319984779440427 -0.025626072082444357 0.4479225668199778 0.010381793009107224 0.8936447263521136
10.720925087942506 -1.5558316148814566 -9.315801611879243 -0.02698470067678055 0.4476322169715943 0.01076938024722331 0.8937456263991287
10.79655557506946 -1.512211868896455 -9.272660672731492 -0.024660966049565223 0.4452095588046239 0.011325690636545342 0.895015091623655
10.817542541481924 -1.5257196498421661 -9.272080092225643 -0.02503466847167227 0.44491081846756536 0.011115666708970467 0.8951558919756099
10.838178419466482 -1.521775086011521 -9.272048348517286 -0.02467491416258851 0.4446049051729086 0.011234036268186254 0.8953163816977676
10.901196323473297 -1.4738388312758592 -9.240153777669146 -0.021990401184856984 0.44267805513702146 0.011870060414532122 0.8963323398280286
10.896709030442906 -1.4539779578566998 -9.266692214171535 -0.020497018847743024 0.4433014786466459 0.012118738999049495 0.8960562523709801
10.909851333424648 -1.5095209588968903 -9.268419030622917 -0.021690463402626398 0.4432743486373186 0.010909478456811629 0.8960571181109721
10.946631143369935 -1.5105685013093444 -9.256385693116384 -0.02113943747577182 0.44241436958010005 0.010747223885160615 0.8964971539001185
10.954660223830954 -1.5060361688389279 -9.272689224791138 -0.02000643771941686 0.4426886522954911 0.010559626948421812 0.8963899786684872
10.95296965986548 -1.5079398971587452 -9.29832158053345 -0.01944184231974059 0.44343426797943547 0.01036886578005954 0.8960360212464629
10.988621812574104 -1.545838710167237 -9.287192212747534 -0.020741007935284057 0.4428586575628648 0.00966470046150621 0.89629939951806
11.024249265812664 -1.5768122802415716 -9.30269529659764 -0.021575330465631943 0.44305264973854963 0.00894200156422662 0.8961913273866101
11.003362177676374 -1.5748196997089863 -9.352493593997288 -0.021256186664357208 0.44464507084900945 0.008819931970556319 0.8954111593554127
11.007307935555168 -1.6026793665258747 -9.372304918595512 -0.02251309905696955 0.44527683739666857 0.008297947245369891 0.8950714175530268
11.083996710509313 -1.6490368029009952 -9.323052490013707 -0.023237580564376182 0.44307264613335684 0.006855578645081183 0.8961582706973922
11.091256390860549 -1.6468988871087675 -9.340980196679984 -0.022998821069475914 0.4434850760889014 0.006703271081962686 0.8959615547960957
11.07298222104658 -1.6715366933928688 -9.37876897065788 -0.024007048101311077 0.44484691066233867 0.006154399737413949 0.8952636545060381
11.196349505754194 -1.685948880596362 -9.287576141637404 -0.023934466432916805 0.4408058328986321 0.005389337050014245 0.8972671363898691
11.198196125099853 -1.6774136002951952 -9.310843467462092 -0.023698652213030073 0.4413739511858729 0.005454988283002278 0.896993674560021
11.23341955494864 -1.7029507762706493 -9.296993841496235 -0.02537137895060052 0.44074238501457796 0.005050563922238283 0.8972607954133925
11.31562558149124 -1.6801481104795397 -9.248002404276512 -0.02474207196562306 0.4382494621042891 0.005286487834649921 0.8984972408897667
11.334288526586732 -1.662730748983903 -9.256399389503132 -0.02529565543004855 0.438298844636241 0.005850755476893701 0.8984542399406049
11.353934541279735 -1.6487199088109374 -9.26430852804719 -0.02622961435779875 0.4383454054084728 0.006460854197162458 0.8984005622499164
11.400608987742384 -1.6454121022897072 -9.245374397593874 -0.027788516558793032 0.43733489216684485 0.006934848667780831 0.8988425325466252
11.430478106148113 -1.5950821840273892 -9.245986657879307 -0.02740544834105364 0.43691202878252056 0.008304116449979264 0.8990483091338045
11.488161106495747 -1.5186314304623636 -9.24443546049701 -0.02709590628191866 0.43610527620567363 0.010661914173231425 0.8994244401363003
11.551862412073808 -1.5094657925053974 -9.20770533587429 -0.02775506250397796 0.43439218045472044 0.01127182637705495 0.9002255472909662
11.55430145979242 -1.4486743796918728 -9.235829830846027 -0.02630110652095647 0.43495810803535295 0.012942797305867186 0.8999734329678731
11.605515903936642 -1.3716345339155638 -9.215873311698743 -0.02338664371124542 0.4335072027685664 0.014626282285266185 0.9007278400883411
11.637625984093821 -1.320307160695522 -9.208000795498908 -0.021648937470161157 0.4326977445033156 0.015997570842367102 0.9011370945285184
11.682724444311278 -1.3015723980418308 -9.185080465894547 -0.02048721532975401 0.43130816343623785 0.016560521555642 0.9018199882942809
11.704513961193042 -1.2849171548776208 -9.185561347973728 -0.019147810130721095 0.43085165468122155 0.017038462552378605 0.9020587030894954
