0.0 0.0 0.0 0.0 0.0 0.0 1.0
0.9630752578175686 -0.09502841105388904 0.2519040469547815 -0.0010715073336534874 -0.003942617878839636 0.001057045658474119 0.999991095105737
0.04307537855830111 -0.27504717960711433 0.9604652834705849 -0.001476962111678715 0.0072980263052743 0.004389293986917079 0.9999626450489361
0.0876475109376419 0.05140897727545028 0.9948241205770636 0.001060740831605909 0.010182430961528786 0.0026692785585374517 0.9999440323741018
0.1836703720242233 0.0050155964641693035 0.9829750954284612 0.00220760218631249 0.011055295014311175 0.004771211600737514 0.9999250684349276
0.2795671066643532 -0.061995719616778105 0.9581225201510085 0.0035888853207682726 0.01195370248705818 0.004960987225449602 0.9999098046847795
-0.3844890592512607 -0.25530909503835986 0.8871219923475993 0.0012173891111040816 0.002509843990323984 0.00044813388339125953 0.999996008903495
-0.1712617537181742 -0.06670083707248971 0.9829651113072142 0.004017748912847949 0.004400986755641952 0.000581204628859703 0.9999820754445699
-0.3465957167889756 -0.13344064212620577 0.9284745576118293 0.005807447385531229 0.006829255337595067 0.000974736896809551 0.9999593415306346
-0.5211816612945807 -0.07306459193192466 0.8503124374816835 0.007730390201309699 0.01078234241142509 0.0027273513445411255 0.9999082676496388
0.8739192144466708 0.35710141749425 0.3297632245180036 0.021320236964001708 -0.016079331354252133 0.00037556920166976674 0.9996433171620634
-0.6956201740564908 -0.14696239290210447 0.7032173408826785 -0.6974789435588056 -0.14554729048681747 0.7016682337859392 0.0008939909166123268
-0.990842257195103 -0.11256741849299395 0.07456673286618203 0.003854505604192301 -0.0015327731724708966 -0.001530586562030669 0.9999902253010902
0.9862999935506365 -0.14635754401093162 0.07610382403731715 0.003155818604540065 -0.0027502584987043168 -0.004869195415757024 0.9999793836990485
0.0 0.0 0.0 0.0 0.0 0.0 1.0
0.34771490688463 0.1377808879185766 -0.9274215710530899 0.006337363127761967 0.016999300994619545 -0.004970019775472067 0.9998230645957876
-0.9996792805197204 0.006409251736677754 0.02450015493319437 0.9996899734631607 -0.006423084387326077 -0.02404447822701955 0.0007510066370943649
0.11011817359398844 -0.014347969733420092 0.9938149342854804 -0.0014083535344227758 0.006640414711830326 -0.0025912599571748956 0.9999736030539063
0.22247783666750653 -0.635836270713989 -0.7390641711220158 -0.2319645840939037 0.6333265991113759 0.7382883698864304 -0.0044870340535875805
0.0 0.0 0.0 0.0 0.0 0.0 1.0
0.9519082398818017 -0.25752416827660024 -0.1659879682343731 -0.010869741485966705 0.006215981807909243 -0.0070501503303444756 0.9998967475047169
0.0 0.0 0.0 0.0 0.0 0.0 1.0
0.0 0.0 0.0 0.0 0.0 0.0 1.0
0.0 0.0 0.0 0.0 0.0 0.0 1.0
0.7981277265930132 -0.5997827521650095 0.05703316797123503 -0.028435489699556074 -0.006360547863522273 -0.003542709574823344 0.9995691149516829
0.0 0.0 0.0 0.0 0.0 0.0 1.0
0.0 0.0 0.0 0.0 0.0 0.0 1.0
0.0 0.0 0.0 0.0 0.0 0.0 1.0
0.0 0.0 0.0 0.0 0.0 0.0 1.0
0.0 0.0 0.0 0.0 0.0 0.0 1.0
0.0 0.0 0.0 0.0 0.0 0.0 1.0
-0.9740581089920252 -0.060754139777951834 0.21799021722710696 0.9742508018953842 0.06085966514104242 -0.2170938311814492 0.0013208437006860774
0.3161101400533809 -0.11765250369389592 -0.9413991011945946 -0.00240616307801953 0.005465047545404738 0.0023711252270317315 0.9999793604868684
0.3330759330241684 -0.07644882706542218 -0.9397957223143768 -0.002925303937979178 0.007871442786710259 0.0048842625421511585 0.9999528123690363
0.9464130171409433 0.24753611782161292 0.20743257063436638 -0.0008976239634344658 0.000863830787830019 0.004374131180609958 0.9999896574685185
0.09501804872265707 -0.2688808072286552 0.9584751858660744 -0.003674808428606457 0.010619778753727325 0.00879460499704107 0.9998981803189668
-0.9902367975325927 -0.04965314816990306 -0.13025225406576474 0.9901238803894882 0.04967750327681775 0.13109608148366478 -0.0008152117961581466
-0.47005935257965276 -0.10629134364794601 0.8762113645222319 0.002172486202999243 0.0035268741514421936 0.0004945652813992961 0.999991298395941
0.94978282690157 -0.10780332304851496 0.2937533408534428 0.0038053019729620253 -0.0025188832066506445 -0.00021005799422678354 0.9999895653355213
0.9658565357590079 0.2305999070328955 0.11808825177818885 0.01051865856135909 -0.00194875016248685 0.0025280877317249996 0.9999395826585196
0.292619046458797 -0.017817497030344496 -0.9560630891573623 0.012025517656038194 0.008472434164872492 0.004239023261064246 0.9998828108664627
-0.15492105072660692 0.02142987252841286 -0.9876944004119799 0.15334690857076477 -0.018396415759747063 0.9880011493519858 0.00016247504205379196
0.9807585145561366 -0.014434309186399047 0.194690489865199 0.9813747683819793 -0.012725045480614379 0.19159644671325352 -0.005695507667278946
0.9991038700579016 -0.01771766090374851 0.03843879976563518 0.008714052810214971 1.9090756115936716e-05 0.00020760992442316953 0.9999620101870286
0.6377504721249923 -0.7699203930773543 -0.022291783866745716 -0.005395308629505444 -0.006213602262008374 -0.001366373505526685 0.9999652068022994
0.3008070712769704 0.059789560920020114 -0.951808969423362 0.015349268647171314 0.01143648249395079 0.0006713794810346815 0.9998165612099826
-0.98740636628178 -0.037673643134767586 0.15365339058792363 0.002887429773664065 0.0025740773157396763 0.00023858658055384818 0.9999924899476587
0.9967461838852671 0.018499293881119636 -0.07845266748847167 0.005220205518112693 0.00014745942454698149 0.0004504050899177657 0.999986262328299
-0.5426563236931894 0.0513743608634047 0.8383822453998352 0.007393611861793544 0.010044467931647994 -0.0006624253442603627 0.999921999138068
0.8729292631780006 0.31352957232804013 -0.37375621568518375 0.011771631955067663 0.00641118474663925 -0.00012423198008817876 0.9999101509424104
0.9050101826992171 -0.40897796281733423 -0.11701963570492468 -0.0008930139505089397 -0.0048862186163367485 -0.0055792298595829055 0.9999720994047241
-0.0255718810463654 0.07644400098452737 0.9967459022304669 0.0008501150692980542 0.0047762318325018155 -0.0010832720478153493 0.9999876456414457
0.9999556774964038 0.007461782540428459 -0.005741501896531775 0.0022999705719840453 -0.003329110671052923 -0.00019710745240164078 0.9999917941194117
0.0 0.0 0.0 0.0 0.0 0.0 1.0
0.0 0.0 0.0 0.0 0.0 0.0 1.0
0.2096796466647807 -0.02043523267915844 -0.9775565697390004 0.0063519318936032295 0.03524382092243448 0.0038763107084376063 0.9993510395568206
0.9993543623811001 0.021326440065083132 0.02891437953709865 0.0009441936957365152 -0.0018225987346056948 -0.00041850011590139003 0.9999978057424779
0.0 0.0 0.0 0.0 0.0 0.0 1.0
0.0 0.0 0.0 0.0 0.0 0.0 1.0
0.0 0.0 0.0 0.0 0.0 0.0 1.0
0.8794604804118807 -0.4450783743624793 -0.16868462902278966 -0.013954977555364215 0.004498564498619794 0.0030222794041016732 0.9998879373940285
0.0 0.0 0.0 0.0 0.0 0.0 1.0
0.0 0.0 0.0 0.0 0.0 0.0 1.0
0.0 0.0 0.0 0.0 0.0 0.0 1.0
0.0 0.0 0.0 0.0 0.0 0.0 1.0
0.0 0.0 0.0 0.0 0.0 0.0 1.0
0.0 0.0 0.0 0.0 0.0 0.0 1.0
0.0 0.0 0.0 0.0 0.0 0.0 1.0
0.0 0.0 0.0 0.0 0.0 0.0 1.0
0.0 0.0 0.0 0.0 0.0 0.0 1.0
0.0 0.0 0.0 0.0 0.0 0.0 1.0
0.963179129380169 -0.08057895511326303 -0.25650145558907506 -0.00025325722906333786 0.0029110444990554088 -0.001308559034627278 0.9999948746638422
0.7788733483070459 0.10694004462585929 -0.6179968722836633 0.0006689025721008496 0.010648429496733738 -0.0020970651595563702 0.9999408811706414
0.6361973551866378 0.0022415514089310948 -0.771523104450416 -0.001284336396891466 0.019301019616553648 -0.004711940617570743 0.9998017897250421
0.780795087664733 -0.610936040841388 -0.1308288388684704 -0.0221916559523208 0.008297084635241782 -0.008795194317202036 0.9996806156716115
-0.06067612051699731 0.11489077734666742 -0.9915233318887084 -0.0034367033638308354 0.04087984221573823 -0.005035621436576196 0.9991454699327585
0.9774289947672579 0.19629093671964856 -0.07811804113001618 -0.0005211336178931737 -0.005501950072220193 -0.002361528019459958 0.9999819399122009
0.9601314772693227 0.13299035086188413 -0.245888415616233 -0.004680520057429351 0.0018021748711989658 -0.0009651438839981792 0.9999869566124394
0.9277509866139013 0.17877447386356024 -0.3275939473368512 -0.006336730832780636 0.00916828973727415 -0.002319323951111535 0.9999352024216649
0.0014770462243831833 0.016259494689381416 -0.9998667147009629 -0.012571133318030104 0.03732689873024336 0.0007026187962500957 0.9992237865288784
0.24040614653597628 0.08428555622897455 -0.9670061166915623 -0.014379029181342248 0.04010083010226438 0.0037636150568800034 0.9990850825363249
0.999784054209668 0.007431232728215946 -0.01940674440030738 0.9997771995375274 0.007499319423318154 -0.01961238195821429 0.002160084954638952
0.8453930833274839 0.4032736262121315 -0.3502583575930323 0.8477696047230078 0.4026795662396253 -0.34516051905190015 0.0002834231561071088
0.865603716325858 0.30523074885760965 -0.39694381999810285 -0.002560736320866411 0.0035040420898390296 0.002477677514220351 0.9999875126383645
0.21640563476583133 0.228647266681559 -0.9491517416518025 -0.007462669947694073 0.018747870397523708 0.005270545738046262 0.9997824999770863
0.9194167239842161 0.29460167573061996 -0.2605431640147984 -0.0025617124071764838 -0.0016235954196876473 0.005353273291051357 0.999981071837126
0.3787001111418781 0.13961859972927224 -0.9149277962936563 -0.0013360167588222667 0.0025999605638156245 0.0010307111072166643 0.999995196437913
-0.5568398666566418 -0.24950195567333194 0.792261406997082 -0.002560783238542506 0.0057838102781291685 0.0016738207927423669 0.9999785938968022
-0.043151972990404526 0.0907697929195423 -0.9949365567313219 -0.003231284747034656 0.010012273041388487 0.005155797187951456 0.9999313631158816
0.8516931942535481 0.4492422424332189 -0.26981495598977073 0.006073786114615634 -0.007040193136567862 0.0060580490461195555 0.9999384205262785
0.9614069226787721 0.24412004625344222 -0.12689417655097754 0.004066038278414203 -0.01387432890487208 0.004974528321942801 0.9998831053668884
0.38389992622830454 -0.3895648255951348 -0.06590484877028102 -0.006819950041806976 -0.007456869997923597 0.0032739853815483932 0.9999435806039172
0.46135884496096263 -0.4176616791161735 -0.1242073255419271 -0.005567384199272241 -0.009177150272553839 0.004051555520393457 0.9999341823559778
0.4446530541781635 -0.3751241952774498 -0.1846325684000549 -0.0022316656731083523 -0.008725571936817673 0.004228873886965581 0.9999504991190049
0.4521792251746963 -0.30200581498219553 -0.22914441379286796 0.0020231747286146777 -0.008845832822229999 0.00405992865248016 0.9999505862716594
0.5012101264077585 -0.29032516045798074 -0.28420579864351986 0.00445360725800543 -0.009716856432452682 0.003811293492433518 0.9999356089895874
0.708429088946868 -0.44270037626472475 -0.34102499752458876 0.002692980199062996 -0.013599266937296172 0.002677273543380001 0.9999003150328485
0.802239234977836 -0.47938695501696627 -0.3974486894046907 0.003298814214838005 -0.014490225278653155 0.0015627687460677104 0.9998883482419406
0.8574649266670582 -0.48864279986442166 -0.4479330469508413 0.004171414435822189 -0.014019282693120663 0.00047372288431988516 0.9998929115665357
1.0498531571318326 -0.48703198701881606 -0.46879287938488495 0.005160579229057881 -0.016502863930362474 -0.0018364421960270652 0.9998488142635251
1.2130141472763092 -0.3622002161146856 -0.6210364503205653 0.00873981481691033 -0.018004699572127768 -0.0038439284550212767 0.99979231375537
1.3687318237242438 -0.25277939021405926 -0.7367199296031272 0.011830442103761165 -0.01905994595541764 -0.00551678686336123 0.9997331264705148
1.488255984363654 -0.18350231511670745 -0.8019824383273252 0.013785153574727062 -0.019295048038170025 -0.00691529882967873 0.9996948781024249
1.563143792164704 -0.17085104291275857 -0.8541514440024148 0.01444640887462474 -0.018512369580101686 -0.008190242517242511 0.9996907088548266
1.7505335156140553 -0.11375113899116054 -0.900866586983926 0.01630727272138037 -0.020792353081034633 -0.009430680427438777 0.999606329099821
1.8646397602326417 -0.08986537404696643 -0.9396426016119244 0.017333682314660363 -0.021509017383379916 -0.010719471171674513 0.9995609028800674
1.9610391496342274 -0.05024093096395872 -0.9693347270118179 0.01872230447422844 -0.022175724702780085 -0.01209055455525543 0.9995056433255528
2.1795481550698566 -0.07981293895638769 -1.007910179540993 0.018985946666939365 -0.02458449515949406 -0.014977027049912635 0.9994052356715263
2.259262154952566 -0.057948050637490534 -1.0390693197027905 0.019939017893073622 -0.025193545200738136 -0.015547666366966877 0.9993627924413734
2.407039293600707 -0.12147199101883763 -1.0598261537239873 0.018958647324323882 -0.02719520818554166 -0.016954739568308883 0.9993065231196822
2.4997081568561943 -0.11280612647034917 -1.0678020745974912 0.019785606648312647 -0.028010599479295864 -0.01724122426028695 0.9992630666007701
2.5987543145490895 -0.17745364625497975 -1.0744730276098358 0.018881573112055506 -0.028802291397919916 -0.017332693193227385 0.9992564695580974
2.697276800854049 -0.21341911329747215 -1.0955949965089304 0.01854489950132067 -0.02918681517673131 -0.01707323510225845 0.9992560838771353
2.837755540975465 -0.261103959451112 -1.0999405350374662 0.01773651782867255 -0.030112865322814337 -0.016884927766650997 0.9992464813506616
2.983836156818624 -0.27195256418629654 -1.1352651076301037 0.017567400803485494 -0.030714726595908393 -0.016179713435507954 0.9992428177736846
3.145202191614884 -0.27389125639452366 -1.1474617115510408 0.01762419527309122 -0.03116982131564879 -0.014915273329638816 0.9992473990967545
3.291084934201974 -0.275200127075791 -1.1528026464876795 0.017513069546864407 -0.03093491682457263 -0.012980556800865408 0.9992836576574456
3.389897551877763 -0.30298612224339494 -1.1711214346482839 0.016755513717339195 -0.02899688610991265 -0.011666043709682527 0.9993709705510565
3.7023794096154905 -0.3438956988148522 -1.2151339452245142 0.01529412285914817 -0.026934495440460282 -0.0077046985781059 0.9994905003956555
3.903944395513484 -0.2502352461261853 -1.2341865751611447 0.017180350952938298 -0.02628220521210087 -0.004721892152919165 0.9994957653561215
4.120553132574733 -0.13859877174289117 -1.263139750518523 0.019619816961699864 -0.02598437493010456 -0.0016114228140010917 0.9994684979319737
4.30013643626054 -0.15168139343883494 -1.2577273798850395 0.01905969089584367 -0.02396238609396277 0.0013921110104605722 0.9995301867690507
4.570072374474356 -0.22093874209252076 -1.296467811786653 0.017326175994325944 -0.023790277425175286 0.0038750277772621857 0.9995593081379275
4.700963593646848 -0.1521719296439033 -1.343509560240228 0.018454033663750067 -0.019781035891134384 0.008043652717928925 0.9996016501144664
4.90516139145603 -0.14222232114701128 -1.400984335907093 0.017952335227064263 -0.01711242399953322 0.011455373708546825 0.9996267568537534
5.233697586597735 -0.04219990983285986 -1.3993005188009484 0.019344499396807383 -0.017289437921405377 0.014370153397988614 0.999560085422966
5.51325650187475 -0.10953927121706698 -1.4439711604379637 0.016523796909556215 -0.015398570766055636 0.016861095194533538 0.9996026968865657
5.720990068257431 -0.1631969403991777 -1.4947997014976215 0.013971460224023013 -0.01129623056022978 0.018922519372004 0.9996595079000423
6.192799796800546 -0.17838606745533173 -1.4984951326916585 0.011776483600435397 -0.012492302475922841 0.0209668661240995 0.9996327562349049
6.893151679305653 0.04389636851606957 -1.609170812003709 0.013198617300633873 -0.009064311114551124 0.024736123870699355 0.9995657851993651
6.966970695453652 -0.0913429854240863 -1.689789112014324 0.00858476522670594 -1.4901480680350917e-06 0.025251777018701654 0.9996442615056516
7.381230284770175 0.10128698909813673 -1.7358855269329043 0.01170546495050368 0.0008386550876829291 0.025915961787625105 0.9995952389205136
7.4958142635591125 0.2319846686359414 -1.8389098714953411 0.013820658591099917 0.008945511853283338 0.026206956548082243 0.9995209665846324
7.899349824155609 0.24660727096877758 -1.841191446970461 0.013835135865237385 0.010145744272580475 0.024712245905766 0.9995473764614856
8.126758872663174 0.23989269312956338 -1.930186023007413 0.013152112818426707 0.015850407435578518 0.023976248207541975 0.99950033818625
8.385911879267695 0.44186505535806203 -2.0028050894124423 0.017762826283123746 0.02052494893826403 0.0234673998452273 0.9993560374651376
8.631138413186823 0.4140522319522856 -2.1096932236572155 0.0170189750908263 0.02566919447682287 0.02166592125613018 0.9992907658924364
8.670075719519282 0.16132913882378772 -2.269432757253624 0.010949035243847653 0.03604592695185738 0.02065246040912369 0.9990767166021135
9.000458171723338 0.2624921942993673 -2.3841982764943555 0.013708903983352729 0.038910930480386165 0.017981779324461076 0.9989868172568906
9.358020096620479 0.12515137076494084 -2.486104767106107 0.011293625217141088 0.04138417171599434 0.014760775352802433 0.9989704319307053
9.884650447691136 0.14156750651429406 -2.4488075139971377 0.012880638394749407 0.039356993206500795 0.011758374169256888 0.999072998772954
9.880557464469737 0.07087957347000548 -2.6493590314302815 0.01226426263899066 0.05001986555628682 0.00951633050455517 0.9986275784121831
10.553878431402532 0.20253895161751556 -2.6413561460534725 0.01688107644341913 0.04421488174724946 0.006611733969991054 0.9988575266093249
10.834104177546962 0.1260732103681235 -2.7443515114509798 0.017347788935558016 0.0474404688770143 0.0029086381441481082 0.9987191777251114
11.007486948991275 0.10663622441491759 -2.8563748950655494 0.01886784124925284 0.052585286617659786 0.0005252733082768741 0.9984380382807354
11.417331599397462 0.03412531625873662 -3.035510551115349 0.0222093800743492 0.06067189571488247 -0.0034503074303987654 0.9979046847698989
11.753765127840722 0.14995335231384765 -3.0828374795588513 0.02759391124799868 0.06142486559003303 -0.004594243819817907 0.9977196273868767
11.8390398052512 0.1677710087394916 -3.2083110504047916 0.031184264793442124 0.06759124758828709 -0.006145731060748697 0.9972066961610718
12.225780655148956 -0.09336999029953358 -3.221259426944074 0.02754042822761526 0.06706240198332891 -0.006771420180204447 0.9973456306226087
12.285996321979178 0.01910212392724947 -3.4154811542360792 0.03243483657077136 0.07330928588422529 -0.007118241671495371 0.9967562694135806
12.411768608724188 0.10860085155772173 -3.513310436647348 0.03668672332652783 0.07860535499307893 -0.00681645993767853 0.996207216582922
12.723325354930214 -0.13958399070754773 -3.6206532650016237 0.032617079329618444 0.0786623870200768 -0.007053195398782057 0.9963426154887562
12.90805479438571 -0.23291176401385952 -3.73409359841754 0.03219538307593954 0.08155961390156644 -0.00717110660183489 0.996122513508718
13.32889927963546 -0.5046640453337066 -3.752812366624567 0.02633951294869854 0.07876201379213657 -0.006680248353102141 0.9965230301016498
13.792425635503792 -0.4827195686816904 -3.69212325610429 0.027944198286896666 0.07489006147604921 -0.007389511650183863 0.9967727903548471
13.923356498604221 -0.5203175542277833 -3.8594619850106184 0.02581737493141603 0.07771894370376775 -0.006000293866057086 0.9966229103400855
14.441162586060718 -0.6473485762455902 -3.91861835306037 0.02019483214316016 0.07736262068561242 -0.0036425518822973063 0.9967918165249695
14.51542614742491 -0.5229836899850603 -4.030380248406392 0.020518837392711826 0.08048612812228353 -0.0015474183569011944 0.9965433086365908
14.795025198288354 -0.37260844495398826 -4.0913505333830775 0.022265967661324194 0.07869867427990777 -0.0009021941150515742 0.9966493522781563
14.855307410437842 -0.40200884231172423 -4.21089548423513 0.01839793560519659 0.0811612275058202 0.0012952351572336738 0.9965303274266685
15.003440859189372 -0.23958028116407762 -4.285889829148987 0.01951336685128958 0.08165201519562335 0.002628833048163089 0.9964663898824815
15.429963782180835 -0.2814267035953702 -4.156202604406794 0.015571468694678918 0.07557850052165238 0.004193163311897537 0.9970094467972853
15.42908245600707 -0.12999846137537002 -4.318278027455324 0.01576821806774211 0.07860577242363795 0.006112880084754313 0.9967623229926584
15.765362208644689 0.06998364644891682 -4.231062325442378 0.017436081559876887 0.07354019138626505 0.00783100487104027 0.9971090706003123
15.938225222371061 0.17107298432111193 -4.20136728492298 0.017131695985226278 0.07181327555331972 0.009506243544626054 0.997225646371293
16.049067355716844 0.2368432203094678 -4.210796817079325 0.015663409930215148 0.07052696736272002 0.01151002447150525 0.9973204719650757
16.18701552193709 0.3424592590290386 -4.152115572715157 0.015681491478651825 0.0682002449664634 0.013067961313223441 0.9974628042180999
16.372806195936047 0.42377257428675513 -4.031911670457025 0.01582222671380258 0.06411107986116633 0.01429198023262845 0.9977149722650664
16.606127185373605 0.559297369309044 -3.8808803510206107 0.017471071279779364 0.05740147944063642 0.016302589879153707 0.9980651568858594
16.626299550498466 0.6363583921140855 -3.844856277760004 0.018757624949762994 0.05584888492524641 0.017416551741480508 0.9981110746226028
16.74272176141128 0.688267879565198 -3.715441236450453 0.021138661994138407 0.05191825609542022 0.01738450176385105 0.9982762296837137
16.70682460586361 0.7702055757537383 -3.7268240609536156 0.024590653054547208 0.05136340303408423 0.01736357500048525 0.9982262303076952
16.791353141327434 0.749685492699161 -3.6407353104678486 0.02621870978311192 0.04826657240011224 0.01698975241019708 0.9983457645320551
16.797507703415437 0.7467830623747486 -3.6408653789738166 0.028648609880244088 0.04767555931750154 0.016008594431189124 0.9983236064022681
16.781653916272393 0.6547535619588231 -3.6720895114846104 0.029016670697334136 0.04824125611734358 0.01465667096792133 0.9983065641505126
16.859426285160637 0.6112769260005932 -3.6833723679739747 0.030167191043498746 0.047286461970964935 0.013223887260297728 0.9983381490780269
16.90144941397186 0.5448037540780972 -3.737175537034312 0.03077823918303731 0.04779518374323569 0.011347851043345934 0.998318359382637
16.948979868730035 0.4281706222018931 -3.7899963179156586 0.03013415152128031 0.0485778069851364 0.009224743375032892 0.9983221091863448
17.056002281859683 0.33633089248089504 -3.7954996817537388 0.029933076652384778 0.04860505963866465 0.006820151233007026 0.9983461547162904
17.12436595832879 0.19928908304868018 -3.852692743606793 0.028812750757247478 0.04985226592060822 0.003878662607675048 0.998333377661369
17.209732625857086 -0.0030942090307607122 -3.90556608340043 0.026154374884911166 0.0510318222944891 0.0006449153168698671 0.9983542887532048
17.520446680134263 -0.12673095195291292 -3.9486209496562097 0.025420320793297414 0.050596896447076045 -0.004311338932075237 0.9983862848203107
17.534064561758093 -0.30207036724013975 -4.043577826898097 0.02192606456404102 0.05400119452333985 -0.006860500243888758 0.9982765409540533
17.959663386114276 -0.31110550368713674 -3.8686389480618635 0.021778495073394313 0.04827904460384373 -0.008716524202719386 0.9985583874818245
17.974372760936568 -0.46335425360842963 -4.010998036356243 0.017809079008343 0.051949826678446616 -0.010461709118265569 0.9984360795039805
18.34778438967144 -0.528886907512453 -3.8741875015942484 0.015682899026985893 0.048233208886027654 -0.012115469229130031 0.998639484320555
18.455429983864892 -0.6398836925820834 -3.9797767113415548 0.011607688712004915 0.05085341455081512 -0.013323476374699111 0.9985497868251643
18.668722266360707 -0.6678423805145893 -4.03872199001931 0.008518094517031892 0.05138713822596256 -0.013669306676055955 0.9985489242624723
18.868861069043312 -0.6146227798107569 -4.089353004378541 0.007021605544099109 0.052228974690868374 -0.013553402014435103 0.9985184708117115
19.120260934145836 -0.6416755108149186 -4.1105356124791905 0.003981342148400583 0.05210718151923612 -0.013576374361771264 0.9985412723608413
19.242928775229196 -0.5219387972252014 -4.238471141515526 0.0034345856487605717 0.054797548442396656 -0.012419626534300001 0.998414335425365
19.600571389206753 -0.3913150627303147 -4.166798712549377 0.0033227146233278976 0.051834089894541115 -0.011318157026422164 0.9985860433702555
19.788931894139584 -0.4326382752265562 -4.225175391701431 -0.0002990219067429406 0.05289026624266894 -0.010788961859174129 0.9985420014324285
19.866433066667916 -0.33629541518738554 -4.372190134907886 -0.0015193786338807424 0.056360786417365034 -0.009355766866917232 0.9983654755996498
20.26629993139124 -0.2367933700065681 -4.256375486016717 -0.0023299027309059625 0.05245125454917275 -0.008006982832792069 0.9985886669071494
20.480513211711706 -0.09235970452499818 -4.297678767804141 -0.0019262109467998681 0.05289360984512505 -0.006729602933997483 0.9985756196669788
21.17255517027798 -0.5943561460806581 -3.823221791668497 -0.012096978365002363 0.04592638242022679 -0.00995210451806083 0.998821999221027
21.325782746094156 -0.2535112571649564 -3.9684885449632414 -0.009538043168542471 0.04847039162965895 -0.005865611311292758 0.998761854233394
21.41812533250528 0.12427720358381684 -4.211808265190409 -0.007136853912086801 0.05114542879839878 -0.00010612738227328977 0.9986657094174427
21.38513889588638 0.2085418893589082 -4.4354809646993525 -0.008423285227466265 0.05679009221219897 0.0029361952233019264 0.9983462888447662
21.521108237244746 0.26542839125436685 -4.492968546664348 -0.008854668251773713 0.0583680270306082 0.004790845712709595 0.9982443669102582
21.897185892866887 0.35996379619524094 -4.3221303008085705 -0.008115059831100254 0.05440134992446897 0.00645468088682795 0.9984653103763708
22.038873744875033 0.43279520483118394 -4.3471537906564155 -0.008184407510335608 0.055279476001662976 0.008665042045583746 0.9983997756675602
22.153923891121337 0.46639060366832436 -4.384478273385474 -0.008644719741945955 0.05644480731244547 0.010531595081815332 0.998312745612855
22.347587293665203 0.591744398960838 -4.314616365600819 -0.007166312981670548 0.05580513699824933 0.012577723494963876 0.998336732527928
22.48568323491787 0.6585829979504155 -4.2928944475375745 -0.007025384933121139 0.05599434004544553 0.014588080986224805 0.9982997875100224
22.61163211676648 0.7316733716902633 -4.302219347393225 -0.0057712807705459284 0.056205091649019184 0.01559027353680323 0.9982808339150063
22.784227171749126 0.7442547576562922 -4.226401282504082 -0.0062410461035430275 0.05530411367836916 0.016748337105728876 0.9983095700021994
22.97609401232136 0.6878381399248282 -4.124486274529249 -0.00766238047070469 0.05383881748406066 0.017244476071563864 0.9983713225561206
23.346726403086805 0.7479969385545787 -3.9555862811970472 -0.004819053300218556 0.0514989762086997 0.016942950873895014 0.9985176856673247
23.468745522805293 0.7377003040156105 -3.9322433610160874 -0.00397128069214604 0.051702153460690195 0.016575813266745225 0.9985170798097234
23.549972697255782 0.6992388122469406 -3.941391498757529 -0.0033589641380787185 0.052781988701946926 0.015879241152853475 0.9984741502557771
23.661544623644577 0.6443495093289177 -3.924815632317711 -0.0028881974934193626 0.053060067428008284 0.0149125054521516 0.9984757907635586
23.879257083635917 0.5505929917000548 -3.801730996602444 -0.0028771358571110526 0.0511211243553827 0.01354100707937269 0.9985965120413638
24.067519170824337 0.5071262710910581 -3.6924882562653725 -0.0012816197586245392 0.04982319689729903 0.011858040989234354 0.9986868344809723
24.18110919439916 0.4202138112499304 -3.6648238163847022 -0.0009595487581782595 0.050162059974196586 0.010416972343969691 0.9986863039475964
24.516106679758852 0.32384552714947723 -3.4138601262976347 0.0001952017277950202 0.04532898956557701 0.008057266764252549 0.9989396003030108
24.676898946646727 0.2363441790729997 -3.336981823387824 0.0011197545051979919 0.044528473070160494 0.00618683844742949 0.9989883303952622
24.810827697763866 0.1475038199317455 -3.2650707247201285 0.0028613505209929757 0.04461871148729191 0.00410844045576155 0.9989915434954548
24.97444639005862 0.06719720395018043 -3.197593225569465 0.004445004751873243 0.04433157529477127 0.002498922019356905 0.9990038582274751
25.283240843167274 -0.15008498753794466 -3.0891155992188017 0.006514509179884203 0.044583547429477115 -0.0001198289556037788 0.9989844113447267
25.401756549842364 -0.17435489844804178 -3.08098740231897 0.009329221868520953 0.04573839594046547 -0.001110336514929043 0.9989092711097164
25.583029183355766 -0.3025501801764531 -2.988007494538962 0.008438109321727588 0.045473593867620364 -0.000868321935125175 0.9989295253364244
25.801228697255567 -0.3968319131731075 -2.844405683519978 0.008859318364135848 0.04411182744230673 -0.0011301246195200723 0.9989866775769172
26.009923626724756 -0.5043515425655324 -2.745325905255538 0.008308676941874862 0.043295937891216475 -0.001007104211418401 0.9990272335580761
26.11878290870174 -0.5105429003116428 -2.7318049468158336 0.008970144277219231 0.04458547200452198 -4.582536331714105e-05 0.9989652997466008
26.256707823414295 -0.5095814660903397 -2.694205495547184 0.010219574182455496 0.04505794892676005 0.00041692568535530675 0.9989320135599898
26.392659864478695 -0.5518013875317483 -2.652854195942425 0.010256916286559893 0.045565762212635294 0.0010317949054081134 0.9989081501226954
26.51576487012264 -0.47222529760519466 -2.624348563615151 0.012315061670513317 0.046214698938865616 0.0022923503546727637 0.9988529851724391
26.722970555459472 -0.5572793140069969 -2.490054781374802 0.010839476070564317 0.0451259511170487 0.003131633010762805 0.9989175877763807
26.96801200388328 -0.5266365794434319 -2.326203682510083 0.01220212289973719 0.043029217406838995 0.00396568065083277 0.9989914254001734
27.14432687239762 -0.540380021919025 -2.22559608484263 0.012107195415800671 0.04218515055968704 0.005084490319560387 0.9990235116600662
27.28155166699702 -0.45851379183289476 -2.153178658901054 0.014623133477808069 0.042005663089437296 0.006107247593555076 0.9989916865332453
27.61213756727458 -0.3992656752701869 -1.8896435188401428 0.016973412759977168 0.03980759729298332 0.00900561805821639 0.9990226009958076
27.662044155739096 -0.3597173500040521 -1.8633823037155803 0.01844071325270468 0.040916586720335886 0.010754562212076439 0.9989344885514342
27.855545361289682 -0.41775394359754503 -1.6592057627482384 0.018365904739649365 0.03831986768754082 0.012147155576926581 0.9990228865721212
28.004684053716243 -0.39113240183496084 -1.4735927322445554 0.020686399083019377 0.03648397428474466 0.013634512932004784 0.9990270729917559
28.07718771058465 -0.4259134422843777 -1.3768623370872208 0.02212835008764962 0.035754564571448294 0.01470829522454598 0.9990073139303296
28.142497739948134 -0.3708317591551802 -1.3270071487378516 0.025803385645955988 0.0353958088413412 0.01578659112894974 0.9989154646646535
28.196480932123237 -0.3788675023791994 -1.2941198552083966 0.02867727519095607 0.03558275573514148 0.015997159136584477 0.9988270982915283
28.281349837220567 -0.4664551961964056 -1.2524504253159325 0.03003622295815943 0.03559552329556912 0.015605343403203784 0.9987929000994102
28.44196723908808 -0.6165944288473777 -1.153304200846789 0.02912517648897919 0.034443738273952654 0.01518342952372087 0.9988667661185348
28.578451925700758 -0.6724744386316405 -1.068747170582003 0.031035995552972987 0.03429708933610907 0.014249592985188353 0.9988280261100323
28.679172979128698 -0.7937053211979958 -1.0951215238565262 0.032149255088667034 0.03546206327231084 0.012330282016131481 0.9987776687587269
28.84884437168221 -0.9697595968691239 -1.013004499283024 0.031653669318672834 0.035243234786399735 0.010482579626278686 0.9988223441357494
28.997720096273365 -1.1172848478911621 -0.9521314082142056 0.030698371391177846 0.03514736086095797 0.009087101606663915 0.9988692094577893
29.319763851268483 -1.4144030676949337 -0.7822767916694364 0.02734450807941997 0.033704091866767094 0.005842594305149397 0.999040627883129
29.646740533557193 -1.602348324954866 -0.47873589404884964 0.025059779332509604 0.02814118588806944 0.0030517081973127987 0.9992851285762725
29.733803213022753 -1.7133188594648214 -0.4229133352941306 0.022866426873492645 0.02782496841506778 0.0009877657621878105 0.9993507502241337
29.87615179300833 -1.8125514692056914 -0.26925626677027814 0.018856446497958687 0.02591843165439353 1.3021915306658662e-05 0.9994862025843457
30.07981165742284 -1.8920333596847803 -0.07641023450161238 0.017780674019411656 0.02237923816415012 -0.003041302090170835 0.9995867985383781
30.256371715269584 -1.9312684372137845 0.06496439338633847 0.015386315926706995 0.020309956569074906 -0.004273978052615354 0.9996661943158685
30.439508561550067 -1.900321954663376 0.218357264342198 0.014740600392483923 0.018260583275275345 -0.005400557722092326 0.9997100078396766
30.567614330894514 -1.858501794679765 0.27496036975472476 0.012875754240701733 0.018388169666446644 -0.005400827726573824 0.9997334250833664
30.717722301825212 -1.8252538793522939 0.3256344469373606 0.011161775404925241 0.018242384159235313 -0.00548500915458114 0.9997562427234806
30.913928507131587 -1.762538476187258 0.4553633887315323 0.010250752175582592 0.01732073728031617 -0.0053872975960521765 0.9997829220208319
31.127977429263886 -1.7176428155366603 0.5802233407265385 0.008841362721936639 0.01616715659934444 -0.005166214265207637 0.9998168650222287
31.442223330782138 -1.6127578817369 0.6869727792792287 0.005380775888404565 0.016816962448505803 -0.003599580484899452 0.999837626840067
31.60707103087831 -1.481700876739622 0.7323969348339082 0.006016748482750197 0.01730400155847795 -0.002915702889262249 0.99982791966639
31.82517172009498 -1.4200950005836352 0.844287432764626 0.004545043003856137 0.016254303764877097 -0.0014909122641856433 0.9998564483833831
32.011141466027574 -1.2562791198324825 0.9275089980410735 0.005341022758141652 0.016097273624331266 0.0002555171275295978 0.9998561326354697
32.22639939223154 -1.153121894027178 1.0424755460011055 0.005427921711647611 0.015171490784563453 0.001741720048082497 0.9998686563466925
32.41169573517441 -1.046827120237057 1.111829683417943 0.0062603046842143635 0.015111910465969033 0.0029776178033161732 0.9998617767169353
32.50656055036076 -0.9120126221598003 1.110793692224051 0.007158491678601437 0.016850945843464967 0.004940945085101149 0.9998201781734224
32.694343319411296 -0.7877343474474896 1.2339915519194105 0.009234014480890706 0.016238208794997242 0.006304403399854326 0.9998056351358842
32.92856680636654 -0.7727086529884574 1.4515016650912396 0.009357877482905164 0.014046629584932805 0.0074070936168962945 0.9998301142146445
33.03726942020836 -0.678180505914614 1.4625593124451548 0.01268672304159052 0.014629404404914753 0.008025490922789954 0.9997802854030837
33.1249446950381 -0.7129622569629016 1.4985329444065116 0.012975315890772195 0.015848956210322934 0.008709267791010621 0.9997522695243669
33.2766949658753 -0.7234798271278046 1.6057915947823267 0.013911360985727336 0.015292710086115453 0.009327623644111759 0.9997427681613409
33.3485015367439 -0.7607663537686239 1.5865581574546914 0.015040254153932028 0.016577733665815476 0.009440948536392293 0.9997048754468608
33.49552992558144 -0.8285621912396686 1.64982931673537 0.01559283248140813 0.016700012933167294 0.009377151092486671 0.9996949745700573
33.6540227841435 -0.8991179500035391 1.7335854533311632 0.01607882961233016 0.01662673397317983 0.009344163879014569 0.9996888063578009
33.88190278763641 -1.0203998179170024 1.8957206286410853 0.016292001296437302 0.015798042326165787 0.008848197864659225 0.9997033069601028
33.955471964421264 -1.1572327466310572 1.7890225840594733 0.015240997055913856 0.0187024944646872 0.008800228288059939 0.9996701879578175
34.27581518154552 -1.2750138169303622 1.7502158857321426 0.017698948733411053 0.021138356317925492 0.007818967101876552 0.9995893060949423
34.5281356967494 -1.4092818290516662 1.8508326944894125 0.016884237090205534 0.020442478797254342 0.007434160582138423 0.9996208085343885
34.78899385919991 -1.497709458492196 1.9891509257734907 0.016795858957905908 0.01948530168706674 0.007218244281223494 0.9996429958187706
34.74862418044761 -1.5849339382598593 1.639807390629001 0.01698110722436554 0.0253722486686861 0.006808810120170535 0.9995106458160795
34.880538482953874 -1.680094897377328 1.621034206192136 0.01763498434252736 0.02660315372339813 0.005855973272702313 0.9994733548805779
35.141499545729594 -1.76413693927683 1.785705570197866 0.018085876488373252 0.024724500414165695 0.0050038694077066265 0.999518164638276
35.327849928106964 -1.9088576202657266 1.8713280850678606 0.017179166824556637 0.024467457951203177 0.004049785475669928 0.9995448058822681
35.59886868745992 -2.0282519255039646 2.0900300426246754 0.015246315032973943 0.022382659196735988 0.0037999255168703074 0.9996259935652255
35.69135733321673 -2.108921671047178 2.00323982646623 0.014269260932860057 0.024253633640537762 0.0032334070632930763 0.999598766769159
35.85777455883877 -2.152157894737094 2.0320953788796614 0.014020989227527559 0.024756687073244528 0.0027673780448824086 0.9995913464636415
36.13038219872907 -2.104671217537496 2.224784737414027 0.014548497065575969 0.022859875560080678 0.0031384797277651333 0.9996278894006054
36.205392203816224 -2.0686659993715497 2.1028085680110284 0.01474261280325615 0.025384885857920078 0.0035143857372320285 0.9995628604698173
36.653292082984585 -2.1630494151029964 2.3594535908476724 0.012347380130323465 0.02350602295166111 0.003652339237428361 0.9996407702304904
36.7169255724885 -2.1446771171907124 2.224028828700826 0.012047833830948885 0.02614276963657926 0.004116301667743407 0.999577141273394
37.05048430268568 -2.061795857213186 2.524205138428655 0.01347708912286329 0.022480239930970803 0.004481421385017044 0.9996463993551872
37.208948598976605 -2.0174789442391288 2.5771363354330736 0.012513343239407037 0.02276765630466146 0.005819363159671177 0.9996455297152993
37.405772148515126 -2.0249236628196114 2.691900747077435 0.011833680994857081 0.022231690374645688 0.006305150729759574 0.9996629236955189
37.64041852511765 -1.904407908808036 2.8742223183360402 0.013228802386497695 0.020374253920072555 0.0074507057922485465 0.9996771356532151
37.8715535530938 -1.8361487115011903 3.0465602160088303 0.014016639820212187 0.018454470468203123 0.00820256449437252 0.9996977964683149
38.06201336353861 -1.772506999632561 3.182263231556642 0.014886468661065006 0.017451897384687602 0.00902278750072002 0.9996961606579242
38.21629481385178 -1.8260933576214649 3.2682785614222434 0.014447427271337668 0.017216800201354337 0.009045097131121416 0.9997064768490572
38.39177094327507 -1.749724053166402 3.37144434406852 0.016641267185426266 0.016685637675820892 0.009458509372039922 0.9996775451725789
38.60399529453172 -1.7721754245147914 3.5008360539594414 0.01755250288487403 0.015469557140583163 0.009228921150981804 0.9996836646953574
38.919769388887154 -1.909582761563015 3.597624371256748 0.01739886992181745 0.016105101433225667 0.008890899507470598 0.999679377070077
39.124673453100534 -2.0713714644336045 3.689381588752792 0.016986394658052524 0.015375243621175398 0.007579262706972176 0.9997087671201694
39.30867506313547 -2.1023533070555525 3.723423780273517 0.017540892281525375 0.015490717196535822 0.007565830962728102 0.999697510740398
39.39519898820777 -2.1716120108187793 3.575613119201305 0.0195630577525437 0.01794645319353445 0.006286474369999678 0.999627776639454
39.62337305485436 -2.3608825326795073 3.7113821495570285 0.01798053067452442 0.017404664948769605 0.005620469645651269 0.9996710401305251
39.70502620484655 -2.4650095738371816 3.558718541493582 0.01725889224196721 0.020099459598239992 0.005340578481484638 0.9996347435858369
39.977776643985784 -2.5673415125527947 3.7021101824977256 0.018899563748725947 0.018439314257894256 0.003720610816544062 0.9996444143969186
40.130443407211445 -2.800403300306933 3.6781912175508675 0.01555490933325822 0.019886030797405134 0.003239026534903232 0.9996759971520097
40.27072059730889 -2.7919087637977484 3.6050239191190987 0.016929638095680374 0.021475706416474668 0.002853822363228238 0.999621947080886
40.43381031388824 -2.860065872772731 3.536565273786399 0.015710348329316635 0.022729562731746106 0.002801362819963415 0.9996142777590494
40.877708036662774 -2.9173197016565227 3.9913538971960323 0.01488054522590273 0.017430427660883773 0.0027018972595611998 0.9997336891975469
40.99689046933271 -2.9818591603562847 3.850371950621915 0.011943401648202647 0.019855923970618066 0.0033214110430953396 0.9997259952952237
41.30800597216054 -2.8897263888113014 4.07173651512546 0.01324220201284449 0.017573903477260414 0.0036249376419099683 0.9997512999889099
41.457473016182405 -2.887909375652451 4.004935280380316 0.012583232279761056 0.01895582028691563 0.003921706446671827 0.9997334441545855
42.10579823915076 -2.710784359262445 4.531149447042554 0.014499903575047374 0.012988317260529259 0.005275844020496641 0.9997965902527001
42.16042892677604 -2.6186919654462746 4.391290281206798 0.013548344063088066 0.01591172383443013 0.007237516186046368 0.9997554089762264
42.48489922395759 -2.671670979421125 4.74285293159335 0.012742296215311932 0.011638859347988277 0.007304437743894973 0.9998243925957621
42.65412306911824 -2.4870688188670096 4.845083351340375 0.01801523169750731 0.010757495538895436 0.00755027177206675 0.9997513296379174
42.744934581429284 -2.625886014877645 4.850611713940594 0.015116411476099711 0.01117135908869866 0.008060187983210221 0.9997908422314499
42.895315344897185 -2.4697860120604207 4.990293081999924 0.019925464855743057 0.010035830378805406 0.008523746550380901 0.9997147611712229
43.05273536753213 -2.4684670749318203 5.1469027230586 0.021891992088797937 0.008453988471160292 0.008461087592214363 0.9996887919538111
43.139312776841685 -2.585707735363451 5.165392051977937 0.020743586655600964 0.00875172107962858 0.008407587792205486 0.9997111700177819
43.1876626793717 -2.5918600382830363 5.113926605406721 0.02169549909123889 0.0102500441760155 0.008596921881844076 0.9996751146486189
43.36712126862043 -2.822671934699937 5.273400154907393 0.01879474069278478 0.008953807220986813 0.0077486845602944545 0.9997532420283144
43.545115707963326 -2.805428172359421 5.374825683536106 0.022626983384777588 0.007840424498697308 0.0061871124172422675 0.9996940867117908
43.73129421015066 -2.9739219227453817 5.48771414989202 0.01999635455320034 0.007235860287035297 0.005530282137816052 0.9997585729114632
43.8230637991377 -3.064576007550116 5.3791794921000085 0.018424433277593757 0.008970755879618065 0.005037992843997764 0.9997773174189599
44.217510136854656 -3.116205146926196 5.501268892761051 0.018813406353016423 0.008747349090082223 0.0038559208257822864 0.9997773109547334
44.56803821631018 -3.1496042963382362 5.834638291975656 0.020467766936852434 0.00514118411854436 0.002248034505927427 0.9997747671767567
44.681281256440464 -3.086247944440047 5.679343921189001 0.018660810995369172 0.007001201719589244 0.0031714290213519106 0.9997963289317676
44.80444557110834 -3.2365334442694764 5.589920501314135 0.01279861323653996 0.008678699600843314 0.0036332145660456024 0.9998738297527228
44.98362878219141 -2.977657329486082 5.578537252600548 0.018491252756746915 0.008469731871684729 0.003038454356465996 0.9997885301445659
45.19009497800761 -2.808193634651026 5.632406191539431 0.021409932898187482 0.00755956707582229 0.0030225968215625127 0.9997376313950453
45.384744529262214 -2.8846255094346085 5.693820975222774 0.018224517780381592 0.007287260345623942 0.00310118408068961 0.9998025532301993
45.62925614278423 -2.9242474880064013 5.847154404987014 0.015055943342452102 0.0050798656034103905 0.0035346706674684067 0.9998675010414093
45.92638912833295 -3.023702418016174 6.1361635337844085 0.012132650201644718 0.0020903491528159743 0.0034896650110737525 0.9999181223868354
46.14956443184436 -3.0143809248649993 6.260590734113644 0.011829265353701199 0.0011132158579331523 0.0034911617910344892 0.9999233175703995
46.169663667190314 -2.968616739484377 5.954190422336801 0.010706795378188949 0.004954581704967672 0.004294708292111769 0.9999211829607092
46.438819925267 -2.8728548664693263 6.1570677869404244 0.013138854091268956 0.00283853619188981 0.004092785778860594 0.9999012762918267
46.63151128414415 -2.8615746387793872 6.178032894630955 0.011125581058366025 0.0025819885292619267 0.005155302413359662 0.9999214857369428
46.779018894525024 -2.78483669324383 6.116004254698128 0.011787091829202487 0.0031346829169408017 0.005677665328438572 0.9999094970774297
47.210866411069055 -2.8453841869070406 6.204057774745262 0.01050733485617264 0.001665101036044583 0.005956329522560287 0.9999256699832136
47.426924551464495 -2.695611250335679 6.25671547154993 0.01435189956150834 0.0010071472169043126 0.006185371687795134 0.9998773673858928
47.68505407998798 -2.7502313635508377 6.39545138962345 0.013296026299761149 -0.0005097045584876876 0.00621342170055304 0.9998921688245539
47.78993901270884 -2.751094215563855 6.183765082580401 0.01332339667527321 0.0015605004886578289 0.006247766776277966 0.9998905026799522
48.03951951419109 -2.820954929108809 6.296886690355915 0.01303871026271641 0.00038541438266399114 0.005699851644442583 0.9998986724571994
48.24322386453274 -2.8068113887167874 6.286074554102499 0.012336559253163789 -9.987079421210178e-06 0.006070635144983938 0.9999054738298956
48.45226239362806 -2.8342305620650032 6.3418204575752535 0.01307240926887119 -0.0009246310161816611 0.005411100719730662 0.9998994835294156
48.573995826218194 -2.9544419221250067 6.182664927930608 0.011108970432227156 0.0005026839733001862 0.004815355398560508 0.999926572522775
48.89628444182002 -2.8874948338060773 6.375558031787894 0.012933883997533691 -0.0026358152562373006 0.004555334428540675 0.9999025032726528
49.07365618831119 -3.0173294520215097 6.324802328249209 0.008573188779414482 -0.0018424605923899457 0.004832314140747698 0.9999498760003739
49.24407080639239 -2.8391622319645817 6.173103388999741 0.011401778822922698 -0.0007719266214583721 0.005084830850506756 0.9999217709722027
49.47425883948208 -2.9672668183794193 6.187202475537714 0.0072717010967345815 -0.0009788607939196115 0.005016176880682901 0.9999605003019907
49.477308395618365 -2.9514961080812068 5.630078194854139 0.003938500504580406 0.004490718433624584 0.0061584102463781145 0.9999631971452563
50.081260534573616 -2.898349300981194 6.454248267579828 0.00901544194980761 -0.004823975959311929 0.004231899607593688 0.9999387691694451
50.44026347870521 -2.829183985575515 6.162565424472575 0.008625636167165692 -0.0026689566645245006 0.00444936890771674 0.9999493378103501
50.582879973923035 -2.7270265338838473 5.959704820116402 0.009304876166265984 -0.0012058822391454746 0.004940558003350167 0.9999437764265405
50.811834728208815 -2.7733838302940654 5.924993446251203 0.009532380514475853 -0.0016638697758189973 0.004110869138998829 0.9999447314797045
50.95802832284086 -2.6220733188074843 5.748850988388388 0.01046379530244472 -2.986583133222214e-06 0.005094664369653293 0.9999322743935758
51.10677454601484 -2.6470462744327947 5.48640617280898 0.010653262309505734 0.0016993943056770719 0.004643676145221923 0.9999310257877875
51.35400438163386 -2.523346617504741 5.52931867926631 0.011752198289261948 0.0007386994898553097 0.00546104728312885 0.9999157550118936
51.67904507404349 -2.6148773953842377 5.787091551303477 0.011069220070261721 -0.002339201017061659 0.004995861392133512 0.9999235180125471
51.64650657343226 -2.7077596819182848 5.241501241275575 0.006955421681614872 0.002860084972968238 0.005828538901189978 0.999954734054225
51.73413327653697 -2.628800344695462 4.931012984446217 0.006138558981417107 0.005410493032499915 0.006928847050213466 0.9999425162164731
51.896274450209454 -2.656687622614202 4.871081234951802 0.005838120546208432 0.005693420474848857 0.006967967635674804 0.999942472714712
52.28752275683895 -2.56495740251491 4.916423804123807 0.0058922295218492605 0.004127083049341457 0.00804492516750833 0.9999417623020928
52.42532665185465 -2.4563557106524296 4.813550580275203 0.00887611865988805 0.004013014075677447 0.008004810646371593 0.999920513461985
52.39448932699006 -2.374944869387958 4.3932988154303425 0.008746112867978755 0.007789544393640493 0.008940059462644026 0.9998914460303401
52.86077480494918 -2.4277389896695385 5.093546356574045 0.008525951711892023 -0.00022944042746407607 0.008812931824276267 0.9999247910403849
53.01755767504879 -2.5237650935869786 5.1300393805316995 0.008356498449345827 -0.001035284216075792 0.008281946167194602 0.9999302508114962
53.04534274204731 -2.3817914023179325 4.844414236423889 0.01002289564022908 0.0008664046123568363 0.009314543495041485 0.9999060106757593
53.29254492045112 -2.5732166244481536 5.089245779667423 0.009382238417438541 -0.0017732959284826409 0.008184837698790247 0.9999209156006653
53.43601947042606 -2.6764045790194855 5.015017822574944 0.009079076765769715 -0.001962266101313388 0.007764705998036356 0.9999267119232254
53.59930684652516 -2.6594302929394273 5.016031931330269 0.012609179999044014 -0.0028513839800663942 0.00703756278241996 0.9998916695818769
53.693139561733474 -2.8139876830867223 4.842565305427158 0.012000200520862678 -0.0016381024929984487 0.0060977640683307 0.9999080603140713
53.805094149828534 -2.713102533980344 4.601996730448717 0.013652450776327993 -0.000392317825172459 0.006589259779918205 0.999885012553982
54.099860581042485 -2.734485336101683 4.848201292251248 0.017775188916849503 -0.0031204351081218534 0.0050306162130013795 0.999824483819147
54.20736531265446 -2.8143723043113873 4.567342149147247 0.016851663027788583 -0.0012330713042830682 0.004787383466631474 0.9998457790819042
54.78536411916763 -2.8332681426596342 4.905069377324033 0.017568422747313673 -0.005255957932622814 0.00430740871520869 0.9998225700885844
54.66580914691112 -2.8210106051642807 3.971785995839334 0.017202939329068315 0.0023602861701886076 0.004174436470849765 0.9998405182866846
55.04474975721575 -2.8418137326793067 4.359096735219324 0.01774409054781923 -0.0017624086634468175 0.0035928234194627894 0.9998345527067017
55.15305982559685 -2.8952536008862335 4.029678701926636 0.016408073325804837 0.00024444250760084416 0.003226658256646552 0.9998601422469496
55.44351713048713 -3.0487361908294734 4.233843680239571 0.013384960523703013 -0.0023745354334327637 0.0025889179420735785 0.9999042463741933
55.52081396222155 -3.0002252656077517 3.9294321950193285 0.0115043336301337 -0.00015645290691818743 0.0033411527102902307 0.9999282286888299
55.67601974310113 -2.993779024734785 3.824817313159361 0.010644539378118944 0.0002159411858864834 0.0033730335772800385 0.9999376329528349
55.92248052444531 -3.016459526596417 3.9467264500481787 0.010284672173603253 -0.001673381762049771 0.00289953230254861 0.9999415073013953
56.03696371283224 -2.894831109513845 3.7253758295105834 0.011125899864642793 -0.00040227113447288833 0.0032022345661981 0.9999328968605441
56.122333395059016 -2.703987922110215 3.432509457143367 0.011913658118158628 0.0013608099705898257 0.004053670610850943 0.999919887141488
56.3422244543875 -2.6209065097936097 3.4705131010278323 0.00937356319543204 0.0005804617003110021 0.005228577746648955 0.9999422290072477
56.5733883068787 -2.5403537604807624 3.574029967556611 0.008199845190950223 -0.0007439782068976303 0.005881826524397038 0.9999488052655541
56.8241238418192 -2.4813864390041838 3.6820624652068 0.0060197439628250846 -0.0024410666240096014 0.006763488175474232 0.999956028585287
57.05186497743756 -2.2879735813342292 3.773214336477361 0.007822468735232268 -0.0037865487684330323 0.007561493492926832 0.9999336452222553
57.27049603087763 -1.9593020103520085 3.387162940977463 0.008974377509200285 -0.0015062532720126086 0.01006637556747218 0.9999079256773282
57.58582009514566 -1.811709495849818 3.7356303556970447 0.011568847557314391 -0.005087109894031334 0.01076017162192563 0.9998622414041788
57.84852640869112 -1.725429078832951 3.950760199572591 0.015951865942506745 -0.007601524673958549 0.010486361153586511 0.9997888732254125
57.99935526902049 -1.7407570586264147 3.9122363602151076 0.01543492869628741 -0.007980077165080795 0.011273317078082956 0.9997854738225781
57.99521663780372 -1.6020609818519511 3.5539789673859783 0.016439093647383905 -0.005308060295618682 0.013113473779336445 0.9997647810867261
58.25504558308022 -1.723986090236509 3.9008632463963853 0.01867163022679622 -0.0090097660723417 0.012271108071126842 0.9997097650051749
58.28338308984169 -1.8532945623050614 3.6322736475653614 0.01913605596265807 -0.007292703054658293 0.012089976987928124 0.9997171901596881
58.37656072243919 -2.0374503122088097 3.433859719325259 0.019816353248106083 -0.006015490035553483 0.011296377307027379 0.9997217202218404
58.530318529164376 -2.087774983181109 3.3160074268967548 0.02222247283488506 -0.005634836668699294 0.011008170540015546 0.9996765629433261
58.81803214973901 -2.410190057101689 3.5284120963549666 0.019170506655665314 -0.007900238886417492 0.01030578429759062 0.9997318984158273
58.91188070507103 -2.548166698304727 3.18898898148896 0.019785977896366082 -0.005522820278921994 0.009551124912038092 0.9997433618423109
59.074460411750685 -2.6922441942578326 3.020675903346254 0.021487728093289114 -0.0046267003553011644 0.008259987909897295 0.9997242838827811
59.10768689854365 -2.872784885103625 2.534764627927436 0.020338997747241808 -0.0011324077965135806 0.007267324928813914 0.999766087048165
59.408309917696414 -3.138965315979415 2.7302859118679916 0.017493804354429952 -0.003585319992014632 0.006099206507602516 0.9998219401322125
59.58967645205261 -3.1931106934322107 2.62119006395556 0.017279268366027098 -0.003377909082196254 0.005492763000525804 0.9998299086192548
60.04001872915015 -3.2053743323593933 2.5882739051296983 0.01813959229021852 -0.00470920628406871 0.003978781094421681 0.9998164570903608
60.24362876768965 -3.566964669814724 2.4890677238677394 0.010142167433853655 -0.004251742624455419 0.002993323961312215 0.9999350474586145
60.650908253592696 -3.3887495255088536 2.9025115373757027 0.009548327705294866 -0.00867326256307116 0.003812470576834206 0.99990953041895
60.75032446120363 -3.2758982465676394 2.3903327758453425 0.008607847139577398 -0.005466307294571714 0.003940042916838349 0.9999402484718757
60.92261180250099 -3.3009042979798218 2.0589580565939953 0.003460663446524188 -0.0035969555916899867 0.004278391829785498 0.9999783903076767
61.34236593243905 -2.966162628604402 2.4291402004652176 0.008378549051437124 -0.007751100520653928 0.004113154675780002 0.9999263984489681
61.4547951946766 -2.8404767722244544 2.0091899110938733 0.0033515959419576674 -0.005043988902185044 0.005780757973247112 0.9999649532947898
61.69702289911146 -2.5089122218922446 1.9478893825593147 0.0029726724229592765 -0.005184430517179744 0.007597256651002141 0.9999532822038523
61.852831414658375 -2.291368273236638 1.6857657135638997 0.0027949796889456683 -0.0033370942324476224 0.008550115556716264 0.999953972648036
62.427831041248794 -1.8611641253490891 2.041185540084233 0.0016827312619745545 -0.007425012120051549 0.01080869173378955 0.9999126010774747
62.490980480156054 -1.653861580496048 1.5944346856051743 -0.0014761135803569574 -0.003926061536874001 0.013058645449284728 0.9999059350301589
62.74303339720168 -1.5515511160057374 1.8487508749336516 -0.003267015149969136 -0.006380178209641737 0.014098712765825897 0.9998749152950932
62.990850991528816 -1.494797371800401 2.100684091693774 -0.0009204664223763557 -0.009406792646047697 0.01337606172895216 0.9998658639869165
63.24378885519936 -1.3846004970261279 2.437882355118183 0.0027232312190295835 -0.012885890303538117 0.012831038816518075 0.9998309368516769
63.48237308006523 -1.385687106095704 2.744432231869328 0.0038407318964778043 -0.016007050405983225 0.012384829771154448 0.9997877970386212
63.6472415644697 -1.5797460734245914 2.888265975403765 0.0021331989962206617 -0.017318368698920235 0.011505608420860916 0.9997815484107099
63.72460630188886 -1.5670793718033917 2.740500921723875 0.0036742811352654145 -0.016711068187124575 0.011313983819770676 0.9997895946789556
63.72388967296693 -1.744400897292977 2.387218187147319 0.00457205322034104 -0.01413765556721134 0.00992184273690098 0.9998403772908541
63.86169856479838 -1.9391441073644327 2.407816801528197 0.006756281501358456 -0.014686145029353757 0.008083850661952796 0.999836647239401
64.0434485544765 -2.1266376613035414 2.5224683781466193 0.00968164302916966 -0.01585490951639516 0.006244548227119316 0.9998079281791687
64.14310990108379 -2.384244062141533 2.3510913261569444 0.011846012536605655 -0.014873776070236273 0.00443035352841609 0.9998093892037664
64.4931803930328 -2.7334151564723532 2.462941777386745 0.01745462192529295 -0.016514589920097883 0.0021646641560018965 0.9997089169964964
64.62280568442597 -2.9700409930373546 2.374353877558056 0.020223645912176347 -0.016109947598221236 0.0006896462049380211 0.999665443097096
64.71031122481038 -3.152957777563749 2.215082897379295 0.020276198976819714 -0.014974868601146276 0.0004428030445375672 0.9996821659862172
64.95269777400185 -3.3011664242375076 2.5582469342148424 0.021728743140621513 -0.017866348700536126 7.044504125537249e-06 0.9996042493187065
65.02353207434508 -3.381834813260008 2.3648862085485525 0.02235655179084995 -0.01658878874648598 0.0001055769750292272 0.9996124176566885
65.14588029696301 -3.441224811710138 2.3254759551165147 0.022191842490756068 -0.016477545048539592 0.00044383001861274994 0.9996178348003568
65.28388125624986 -3.5422793969205006 2.320635172657688 0.020441782982044743 -0.016613712692287508 0.0007795211454996921 0.9996526948925195
65.40609664717742 -3.545490778525352 2.2440138074026135 0.018780128857908373 -0.016138488911241068 0.001626201573649124 0.999692058288043
65.60186553168643 -3.4917834599670368 2.389243019451388 0.017969051175135232 -0.01735279263421826 0.0024832799091019132 0.999684863898895
65.71998850521184 -3.452021893264662 2.2648879983923975 0.014697814227525112 -0.0165504297432172 0.003854517259204685 0.9997475682535799
65.85749058354591 -3.287681094474841 2.1342017273308285 0.017713878376881678 -0.015938105569065757 0.004007628259943948 0.9997080244848735
66.16182272094811 -3.1660938997141694 2.518723432238459 0.015616803141271752 -0.019110059150906834 0.005466113970097895 0.9996804702988658
66.28781454569267 -2.933679969949775 2.319539521677377 0.014971440725200368 -0.017902883217972995 0.007168329064031885 0.999701934475234
66.47179247510597 -2.734320103684516 2.2688298647861127 0.013985880213021584 -0.01762928597578588 0.008744376305599546 0.9997085271786357
66.70181109405578 -2.6065038154118882 2.396002759488214 0.01251512297972748 -0.018528326462675253 0.00999167787939427 0.9997000746166068
67.16935827366952 -2.366889971783921 2.6141748407726473 0.012042365143065436 -0.02050071026024655 0.011809322525368648 0.9996475590037113
67.36684975802822 -2.4047422079896705 2.640051875341601 0.011763122960557752 -0.020772840206500446 0.011614368331179657 0.999647550137666
67.62280252836464 -2.4402293620975737 2.840401499835307 0.012797706143798498 -0.022639019937648403 0.011114451270878203 0.9996000012338271
67.85722798028871 -2.5501826684069435 3.015069104120196 0.012469254186260688 -0.02412957883215974 0.010531757302696171 0.9995755915455009
68.01863130612145 -2.6857858646171895 2.9415848416634005 0.012700852432429162 -0.023754213529459785 0.009582806925977344 0.9995912141963363
68.09223225830573 -2.8068673877097083 2.6162314315549278 0.014458859305563874 -0.021589060261563507 0.008195577692231875 0.9996287742811804
68.39808761574915 -3.1294794882343844 3.122560828870555 0.011961608915666123 -0.02536672446103854 0.00674491509946152 0.9995838910879704
68.56067780775071 -3.2598344357970443 3.1777642084673765 0.013439006084551812 -0.02615273404717272 0.005381460126917828 0.9995531339074575
68.72588289060859 -3.434840083574129 3.298947764539908 0.01202854210008985 -0.027152667596058267 0.004489607755289733 0.9995488433486219
68.86611635485168 -3.52678692486963 3.330028038367649 0.013304623602793454 -0.027552766756195425 0.0033100635148196117 0.9995263255734661
69.03987962132929 -3.7013480286831553 3.449001949975644 0.010517532600489914 -0.02845063668188887 0.0027486877353128853 0.9995360861400285
69.19669569604554 -3.7333139687672405 3.4524345348169696 0.009759996530841863 -0.028443968636583078 0.0026016694246446207 0.999544353409154
69.39678239724539 -3.7611969895748523 3.574819643272524 0.01080153498076039 -0.02965598195136248 0.001884511758959353 0.9995000241080488
69.5464837754204 -3.6816555694155584 3.4430109886468787 0.010187139554057653 -0.028870681842350972 0.002466930538940354 0.9995281987874979
69.88189881795552 -3.4914105466695453 3.3428403667386757 0.0068464878230354125 -0.028139841224406853 0.004475881529716054 0.999570528489554
70.11457564209313 -3.3528193456475535 3.5331764527634464 0.006556329579041717 -0.029467183724779578 0.0054171872347343756 0.9995295662001424
70.24557152835156 -3.1761617730009926 3.364070469320857 0.0073564949397094 -0.028296723721025298 0.006358009902734776 0.9995522763312256
70.49879735004365 -2.999730452481567 3.5939375102220965 0.006957610289800618 -0.029917808279353423 0.007726644577207225 0.9994982818246326
70.69526987514466 -2.759026166154882 3.616001164117935 0.010242150999231816 -0.030653889006069728 0.008530650579638714 0.9994411765743898
70.84682651211676 -2.5251051479123015 3.4673030333322497 0.011679805356878495 -0.029643925075430066 0.010116312013928402 0.9994410838484601
71.01545247289219 -2.401851838675654 3.3555980224677056 0.011488471532435932 -0.028882792264387495 0.011494547866645732 0.9994506864784285
71.2079448377638 -2.3769212678832825 3.3103628345416367 0.012593925086289785 -0.0288079783620277 0.011742645511515399 0.9994366431695432
71.42567085532201 -2.422524733319658 3.399199316438546 0.012918962368689335 -0.029361348313794222 0.011597028405094802 0.9994180909752854
71.56582635513975 -2.5071360521023873 3.1826914985608887 0.011895437008420788 -0.02791351640980712 0.01153884956317381 0.9994729556775294
71.77606000484326 -2.5802802102233775 3.1594168056254004 0.01285822201360897 -0.027786166963980594 0.011001709268601702 0.9994706386108937
72.26235783622327 -2.8589360457279547 3.3336714354994355 0.014235970724284407 -0.028885229833116633 0.009426014686601581 0.9994369069041594
72.49823586885577 -3.30353973877156 3.07624547012978 0.014861432137234778 -0.027495990101949207 0.006586965003412411 0.9994897299398267
72.69632140553301 -3.409192058611207 2.7203397352094574 0.018208361832784205 -0.025424495846008525 0.005385095450657746 0.9994963988516067
72.87980615216249 -3.9751198586581094 2.4346464210769203 0.013219335385749941 -0.023251839805263692 0.0034810527178713393 0.9996361755106729
73.25855543785528 -4.1635134979950745 2.7741447497740284 0.015890127628173892 -0.025779256239357555 0.0018146518077710035 0.999539714483883
73.5235168915214 -4.375960994741091 2.7861276851677728 0.015615491877002468 -0.02577583915164841 0.0008441900630132574 0.9995454216155487
73.76581881165839 -4.490265730863791 2.684606157212792 0.016523605157791783 -0.025431522012179568 3.129111790165349e-05 0.999539997789783
73.80353382431014 -4.547245306001656 1.9277388647058318 0.0147613017145018 -0.020164573561544216 0.0001896624849717671 0.9996876802146341
74.22048155558544 -4.649396086306595 2.506907452475764 0.012488430085668543 -0.024125370883008656 0.00016248856306982134 0.9996309214861351
74.40842684628501 -4.538723804926844 2.249730222667986 0.012656420162701479 -0.022588078556448735 0.0005675074877816322 0.9996645795820938
74.72647982223056 -4.56130221235993 2.592345721106804 0.012198532577334432 -0.025042484315944986 0.0002321401304114212 0.999611932648468
74.81983247762196 -4.474729011981087 2.1306112272337385 0.009489269447328955 -0.021827162747336412 0.0012039053594441536 0.999715999343635
75.05182420268054 -4.235286503933473 2.168158476184171 0.008308670327511269 -0.021985498921713257 0.002732524873367451 0.9997200293794101
75.45923698973907 -4.128936728176508 2.9044183426313337 0.007240429286881225 -0.027086269993091047 0.003270868165013924 0.9996015264009205
75.97227341408912 -3.676675914167729 3.329421952807088 0.0038193135616307553 -0.030151434102942472 0.006173236620095086 0.9995189818182976
76.0868300708759 -3.3684618925515077 3.007778996976975 0.0032080507001070783 -0.02790967848314751 0.007820854983504046 0.9995747058049238
76.27878729322292 -3.1255494722306834 3.0182271078512066 0.002583626192867395 -0.028313434242425006 0.008973550094803507 0.9995554760571278
76.47182280524602 -2.7225244567661746 3.0160496183657823 0.0011990861058636484 -0.028389636879741206 0.01141593075909618 0.9995310236482161
76.75769219507656 -2.37773638602384 3.4483974811428224 0.0014721648126801061 -0.030986586283253653 0.012999408598670027 0.9994341797123808
76.973189005593 -2.012579489693011 3.6206109780312943 0.0005699479470684917 -0.032026369909208284 0.01516076098854509 0.9993718717854853
77.13587999648517 -1.7821568615301109 3.6910661973420895 0.000813069344536663 -0.03251040369524202 0.01625435197755918 0.9993388857697888
77.3212317220571 -1.5057810258287556 3.8843708604781564 0.002483385808938758 -0.03385945001069382 0.017421296901336123 0.9992716691942051
77.48741013079831 -1.3134724552031671 4.058900679015752 0.005197405250201263 -0.03524043725693555 0.017941549715196004 0.9992042830945143
77.83011502984976 -1.3667712445887086 4.552832045447809 0.005210315098889166 -0.03837723297389999 0.01795375485883796 0.9990884361718466
77.92281525921494 -1.3849512004317568 4.4173159771998955 0.007308523728302137 -0.03759470431534527 0.017522168808850276 0.9991127049980841
78.07228004531032 -1.5422873913408344 4.519484054492253 0.008124989354874122 -0.03827217050003673 0.016553638961600694 0.9990971937455976
78.19937367109402 -1.836053724720875 4.495685550181794 0.005912842161389527 -0.038025780938727806 0.015497658845296294 0.9991390798341786
78.32202884734855 -2.0472006388926376 4.370225922140641 0.0093076561220822 -0.03741105502537968 0.013430927066905811 0.9991663478608177
78.4956249134252 -2.4727132845011206 4.5076216242578715 0.006765333243855558 -0.03802511927915476 0.011592828826990994 0.9991866326616333
78.6629059797919 -2.7960998410238065 4.574445934347033 0.008187131029819343 -0.03855418401070208 0.009352005826022127 0.9991792060325313
78.82236271643556 -3.1629510358078243 4.650291628652014 0.007785955659541423 -0.03903884081209825 0.007310444332627886 0.9991806169087624
78.99685147612472 -3.5050169921155687 4.794324031233032 0.010763261272786226 -0.04025818016291094 0.00455698014125978 0.9991209461665472
79.11065541084325 -3.911560261833079 4.864232685264504 0.011158733199266559 -0.04065433942144901 0.002122974288901546 0.9991087029646784
79.22380802088063 -4.21347334822588 4.980135655591889 0.010906154048591554 -0.041164076184810494 0.00053397945656544 0.9990927331842923
79.30080118766152 -4.504391609230201 5.044156352122604 0.011988964238100556 -0.04152491092811327 -0.0013023190630980792 0.9990646878325586
79.39912867760049 -4.72605198515277 5.322665799049608 0.013154483174398266 -0.04321305432332783 -0.0025921023595552447 0.9989759118786704
79.4600050394142 -4.967615673773069 5.497466266714533 0.014889142234953051 -0.04435480682245769 -0.004143926182055479 0.998896287124468
79.56025812981771 -5.184873262901043 5.807581295246934 0.013652184725681098 -0.046081127815628294 -0.004759573467846858 0.998833066118588
79.59979297541618 -5.405888103289365 5.8843878180590865 0.012918195124867235 -0.04631138876729227 -0.005559140100286386 0.9988280489986783
79.67755789871585 -5.391739554939537 5.9904843156038865 0.014815184414537228 -0.04710059188027562 -0.005633594114980103 0.9987643902205559
79.85684743027707 -5.436344365178023 6.1742357975338376 0.013462942354055695 -0.04779626336541585 -0.005183340092148228 0.9987529220868214
79.98736432053617 -5.386234893299554 6.250432548126625 0.013532552675147237 -0.04828799709116486 -0.004861117323519699 0.998729947930563
80.14914506689179 -5.212603339310155 6.311573262765286 0.014216050078136717 -0.04866370527310987 -0.0039669981549938955 0.9987061683172413
80.2734091602888 -5.139164138205852 6.218652179502715 0.011094800028979949 -0.04770533324444893 -0.0027267362226798394 0.9987961110766926
80.52365347395046 -4.918872176170642 6.552533855177115 0.010941007018269474 -0.04962465415739688 -0.0012968948089348896 0.9987071673563976
80.70290183582486 -4.744127564673038 6.508806788780695 0.011172131073119457 -0.04938600605769667 -0.00026714298196277086 0.9987172445329966
80.92298231703617 -4.451396466836828 6.617736292121221 0.009899996115070654 -0.04965986845372941 0.0018513143424138997 0.9987154049964813
81.14302564104486 -4.230447037557589 6.643677704984898 0.009126473962263718 -0.04955107324702719 0.003416841066236104 0.9987240478781974
81.36783468879626 -3.963221217570459 6.657975172616426 0.00829448064118864 -0.0493867705991302 0.005313025514722142 0.9987311551366372
81.58379942719664 -3.6204107790005415 6.6478812346504395 0.006035960482165792 -0.04891893258265965 0.0080657866456836 0.9987519453306798
81.81330840126498 -3.145409778821525 6.615721070073985 0.0070384111218419546 -0.04863051902396083 0.010777528131874286 0.998733887617571
82.30022408175392 -2.3841100194973435 6.892726616315815 0.006879640923282522 -0.04984404847399797 0.0157437711755798 0.9986092203868636
82.44327173204645 -2.0923902551337172 6.65483782814494 0.005876393555967596 -0.04805013719812912 0.018028983336397356 0.998664912808031
82.59190270439889 -1.7801619551509629 6.56903084522973 0.006391539214699659 -0.04734585424554778 0.02012192340296778 0.9986554092933114
82.8180779602236 -1.5733291443997333 6.746108890446617 0.009629905875947349 -0.04857661385981043 0.020913926091167698 0.9985540472073549
82.99817490142225 -1.5840029394836659 6.7565141026481355 0.00843087387192972 -0.04826223257811909 0.021522093796274 0.9985672119346577
83.17118783116386 -1.5610669160363453 6.696336686814834 0.010810478878675513 -0.04796905327947085 0.021389222584864306 0.9985612673397162
83.3186982508729 -1.658869293384931 6.436513659092576 0.009778778407155023 -0.04612447781199704 0.02138842170685531 0.9986588223494168
83.59016459155296 -1.9482949198369484 6.789673276819697 0.0087653367688791 -0.04796359754816649 0.020130839889953595 0.998607736534667
83.79971786610389 -2.1792626386146616 6.740958552811788 0.009359483702577975 -0.04771532758979865 0.01877328737976823 0.9986406817563442
83.99598484633746 -2.406195221642275 6.619857219995088 0.010430466573994594 -0.04688003376629866 0.017261437779538272 0.9986969062567995
84.10270882147239 -2.7229315820994904 6.097330055090893 0.011702311863319147 -0.04360692211494421 0.015149931191572753 0.9988653421886283
84.32529666750165 -3.1805850878348982 6.072202997953098 0.009471452924198105 -0.042938342364468675 0.013064153189950571 0.9989474051399932
84.61728120984563 -3.80491029866962 6.399280870733003 0.006258777481203957 -0.044627939322441815 0.010170413161404301 0.9989322987231916
85.21110603112118 -4.595764525202038 7.1516226827270675 0.009435797298706357 -0.04909576782300609 0.004619236837083234 0.9987388216957676
85.26379871446838 -5.10279880503731 6.421554995621755 0.009146334603048981 -0.044836585195909356 0.0015550673609702572 0.9989512535438363
85.55519479060547 -5.56327156921894 7.1164703448063955 0.008832951002912693 -0.04892153390559217 -0.0012138182336590968 0.998762829275399
85.82242681032652 -6.075739070830554 7.731471439841753 0.006434350611958284 -0.052415576147355696 -0.0039288480095960926 0.9985969009879114
85.90452383016738 -6.4987783570011715 7.436820656129135 0.0032880347584839267 -0.05044160896840169 -0.006072638932495972 0.9987031370575049
86.15335092627615 -6.915048347978617 7.90852752349398 0.003818823112259301 -0.053069220805583836 -0.008993531380866863 0.9985430340182775
86.31907006166189 -7.310276335801871 7.936934792471459 -0.0006076906186085485 -0.052668851741047844 -0.010600571047121471 0.9985555821594843
86.53375940813024 -7.5208579315853 8.123094018424103 0.0008622801433198143 -0.05380398083820132 -0.012574582375371235 0.998471966555397
86.65591589810234 -7.649497476298062 7.764539994965654 0.0005061963829404336 -0.05144552037677523 -0.013640213494229534 0.9985825187605762
86.83366785488421 -7.69661635795515 7.674664619030388 -0.0008617720069795531 -0.050742190539245065 -0.013957922095620134 0.9986138712530782
87.06952192790233 -7.730748302669274 7.903830406492837 0.001073647012444243 -0.05193334176356846 -0.015059912857690774 0.9985364161211547
87.3477443929523 -7.737929359084723 8.353470582219888 0.0006481683510532408 -0.05418476328813021 -0.015370712201074707 0.9984124060285057
87.42650730939432 -7.679512929466898 7.783932625361431 -0.002549799775204902 -0.05057021428571992 -0.01467195614288274 0.9986094760471403
87.6896459232758 -7.661493962185768 8.228606367044483 -0.0046807459849630955 -0.052781160066170715 -0.01439703241589416 0.9984913445877782
88.14135831521993 -7.350748710788683 8.695822401457502 -0.006073580794349028 -0.05496967821806321 -0.012860181127332868 0.9983867295964572
88.3515869561999 -7.065094977136004 8.753462029976157 -0.006400143515754828 -0.055152985181682206 -0.01142156875819292 0.9983920743653912
88.54149681510927 -6.812728691267532 8.766552479994546 -0.0062564192722761045 -0.05472089564996171 -0.01021755123174625 0.9984298084712726
88.64755163040591 -6.3878906440962355 8.278925032309186 -0.003989587837872469 -0.051855974737865115 -0.008523255906036524 0.9986102318630778
88.95135220514116 -6.068077411738214 8.792760900066767 -0.0044359285765915085 -0.05468591250204117 -0.006749922825650089 0.9984709370098512
89.13174432536451 -5.704210929629481 8.669215205074764 -0.004599099259714856 -0.05361813765312043 -0.004765366458063751 0.998539550985904
89.33109820893377 -5.341268006795698 8.65519530450639 -0.005612903180156426 -0.05292860439105562 -0.0025362046558984326 0.9985793037215666
89.65393966362862 -4.991559467731489 9.296711382827889 -0.006441935481764519 -0.05643801087587219 -0.00045168123915478295 0.9983852204333165
89.78840793140748 -4.593984638749149 8.882049667369236 -0.008820560365105135 -0.05350653369008365 0.0023411745941621476 0.9985257970973194
90.01056984027268 -4.01022147676074 8.898197664529324 -0.0058700581354282685 -0.05352392659056861 0.004954566442185605 0.9985370218330336
90.24368760764378 -3.6066300981371047 9.107405282549637 -0.0083745756110671 -0.05414608155755099 0.007810170743636337 0.998467360291889
90.36694034270914 -2.920972908695923 8.704966303448371 -0.005657709396399657 -0.051658437492033596 0.011077237950123697 0.9985873476865526
90.55038560157436 -2.406238686837306 8.75152911131427 -0.006484580437455944 -0.0513701797803823 0.014288388482462147 0.9985564064190143
90.69257579801176 -1.8277760780263577 8.634799439868479 -0.00519976975510487 -0.05036783947831452 0.01740407811562308 0.9985655417676528
90.91611684632937 -0.8764527615117621 8.576027444889741 -0.00226822670319177 -0.04954100840711611 0.02286106773830866 0.998507844343495
91.06387860852003 -0.5551866550003712 8.967476575056846 -0.00011257748968922274 -0.05130640817025117 0.024632578158346945 0.9983791243311577
91.24639520160224 -0.28432944153733025 9.585917857331513 -0.0005128476729612769 -0.054705453025979074 0.026751333395697397 0.9981439858848217
91.3762317924789 -0.046332919688819335 10.051147478222921 0.0022922387772238133 -0.05702906550449223 0.0280412276490764 0.9979760121771492
91.55256883379182 -0.01836212457649221 10.81842312359223 0.0008238491618409388 -0.06130150265195325 0.029165221100396804 0.9976927567760208
91.5187572630215 0.2679077364091573 10.48234930008559 0.007225721644656173 -0.05920907218086912 0.029985381719410384 0.9977689870913687
91.54129834680847 0.2140541191040135 10.442751227773067 0.006880452355836261 -0.058528724853090734 0.030398408684953093 0.997799070199944
91.5985694225991 0.0999053602864953 10.543523747838751 0.008844055024088571 -0.05903312702966669 0.02995594432400248 0.9977672644477205
91.70660069768329 -0.03395676764915187 10.719812407641419 0.01171700830679751 -0.05984528471636967 0.029122834762019784 0.9977139440285373
91.84886602764594 -0.2536341853461949 11.016393339674513 0.010577608860347846 -0.06130261902346989 0.02867290983807512 0.9976512252952323
91.85019019457404 -0.6410973818842504 10.381886357038287 0.008757916520851486 -0.05721097712871832 0.027402187250144882 0.997947555299425
91.9799470827761 -0.8383909077556534 10.416603700167617 0.009959697440677883 -0.057364940081132666 0.02638693076068189 0.9979548075746764
92.32283266548404 -1.7279623845430485 10.755927036155269 0.013090684799248856 -0.0589884457203048 0.02138601390928767 0.9979437036486883
92.56918231845596 -2.333644438737369 11.243281793044218 0.011723774556824322 -0.061483984314627226 0.018611747646394478 0.9978656601128663
92.61051766673403 -2.7984693931737423 10.462867116808278 0.012752499240796212 -0.05708855092204782 0.015894181159547098 0.9981611323438725
92.85147698611995 -3.4035898124575663 10.806110433443177 0.011568319250137522 -0.058864832153364105 0.012896994656225399 0.9981156110662334
93.01734439592897 -4.25286364224528 10.715866952252005 0.009252260517296385 -0.05803711202600453 0.00875339033096408 0.9982331728913415
93.18814236174691 -4.863641035399838 10.555248943939725 0.009899298479508411 -0.056988804531179216 0.00521645528575586 0.9983121098343806
93.4053058390932 -5.670436998583362 10.683510911439539 0.007969921680014877 -0.057410689106115714 0.0010958479485808227 0.998318231949136
93.49308407882897 -6.280953960126232 10.025736045275616 0.005182129765548653 -0.05359273827220743 -0.001888257443048821 0.9985476445415153
93.81015554169193 -7.075805152086189 10.683362768413515 0.0017076215527229573 -0.0570506734971318 -0.005916277597326972 0.9983522937027528
93.99556046128494 -7.572617309226446 10.360194469122344 -1.3862277183799925e-05 -0.05517535865094184 -0.00881211948903865 0.9984377928322266
94.2588333521677 -8.040819668964115 10.459055390439659 -0.0019687528442778462 -0.0556121239757433 -0.011647721292503858 0.998382565086068
94.48493964490876 -8.675068914558361 10.612866743220868 -0.002314207732201859 -0.05635994360105204 -0.015738749110944056 0.9982837737719076
94.70107813309357 -9.157469173414563 10.727500133647508 -0.007792670655477809 -0.05662708541283899 -0.017822416396857086 0.9982058950714925
94.91473366131022 -9.345623859369695 10.839757475686657 -0.005608673609095903 -0.05728571453788878 -0.020084138939278292 0.9981400287801797
95.24130636907238 -9.753268520561575 10.906282609738183 -0.010990603433692117 -0.05737292103717363 -0.022727777352196242 0.9980335679246739
95.44087404308088 -9.87323406232828 11.234016845280822 -0.01086315838080008 -0.05887959665110258 -0.024260669501128065 0.9979111206933984
95.59434043554849 -9.758396906188937 11.193638276335086 -0.015347595029377235 -0.05822738138825062 -0.023467980401944488 0.997909453447223
95.75715452138127 -9.832129387784244 11.315214947536615 -0.015144906033526568 -0.058742494595384984 -0.024767475171199056 0.997850952459129
95.93230089082888 -9.748842907955716 11.484291873655586 -0.016727334740336285 -0.05956646019827277 -0.024759217309355288 0.9977770363413664
96.04657182751937 -9.649559781679088 11.276446962963089 -0.019251688645469278 -0.05793198353747615 -0.024410713811390036 0.9978363467116889
96.29451338298558 -9.397663861990347 11.836906579675718 -0.024669003055069322 -0.0603654965745018 -0.022640767921776394 0.9976145762465057
96.35788112386194 -8.996325337423611 11.112076546613341 -0.018459015884338275 -0.05702349965730757 -0.022399403819727888 0.9979508264077622
96.66136738187512 -8.828761745529214 11.956937761331611 -0.022427479610369474 -0.06075816385683383 -0.02130618560182656 0.9976730427039577
96.7289593740435 -8.482964912893461 11.184809012200219 -0.01885323589368112 -0.05702364918684903 -0.02070005883685777 0.9979801433364809
96.97958426412585 -8.215779992766794 11.65150547953969 -0.024745581257013746 -0.05870303771846015 -0.018517544045658793 0.997796928304249
97.14781839124007 -8.027094872879612 11.502977211757306 -0.026576494115596924 -0.05765040338115576 -0.017476127016546543 0.9978299985142836
97.44575821403359 -7.083285255719909 10.711985966945239 -0.022403023417198586 -0.053651553414546596 -0.013872354268013535 0.9982119880792042
97.89839838974592 -6.786768344503125 12.202550045187493 -0.025442307548219294 -0.06127618902396067 -0.012038960877103544 0.9977239002180519
98.0765252844972 -6.373804034063154 12.035673887193822 -0.028797751411561535 -0.05969866636991475 -0.009224126501093746 0.9977583245644125
98.19810512508633 -5.817506541442001 11.446658108359761 -0.026455638743259176 -0.05677185006568378 -0.006832545435835717 0.9980132126087675
98.45331930272751 -5.380717506517258 11.748259825797165 -0.02562898234344274 -0.057991198686349735 -0.0048024378517674115 0.9979765091071231
98.56621650282005 -4.908132715441505 11.187665583254821 -0.02810288565515796 -0.05503559638195808 -0.0016999690856676483 0.998087381472105
98.68863794034655 -4.463113319889028 10.7530172758688 -0.028042106886857505 -0.052733158131209275 0.0007595992918200873 0.9982145447166009
98.98725141895092 -3.8993953162436936 11.437906125846386 -0.023814280572061506 -0.05633689173692659 0.0027749358690824224 0.9981239073387529
98.99263857595412 -3.5688344549015634 10.538188401488824 -0.024829313893950943 -0.05120571811716683 0.005000158569234296 0.9983669055101654
99.30909886571209 -3.0851637915995034 11.436197763566593 -0.019683597549034846 -0.05608790457038523 0.006517240704310459 0.9982105131293865
99.4800680878749 -2.5051357852497858 11.573313692478706 -0.01784577384749503 -0.056562354253611384 0.009457445580567736 0.9981947631400215
99.63762471948237 -2.239618907901985 11.803785243894863 -0.018300065977458986 -0.05741766868137472 0.011362618829021788 0.9981178336257512
99.88386590412036 -1.8812627915603197 12.707382566420506 -0.022100567684010895 -0.061440448845232004 0.014556731685093888 0.9977598597440113
100.02454568034592 -1.4086833711457285 12.705831304690967 -0.009980437994269314 -0.06170584202080019 0.015905039784999582 0.9979177369038914
100.07230718605899 -1.4634056440897232 12.600289903824759 -0.010154136106465839 -0.06080475453575381 0.01652713114093183 0.9979611862602816
100.10834253822051 -1.3137080136932793 12.305827910561758 0.0009194759233298724 -0.05927911105755198 0.015884475171205243 0.9981146352021837
100.22257327388905 -1.4543135239345888 12.573864956090851 -0.005635370252492849 -0.060202728497130355 0.017512955520396833 0.9980166183348645
100.23152426383535 -1.3993055882099064 11.988840638230972 0.0006631437651076677 -0.057138999104748844 0.017414284757123928 0.9982141241777999
100.45177103311924 -1.796031089611771 12.546565220732472 0.006412681169150165 -0.05992210784814208 0.015104512755601604 0.9980681701194936
100.51883819139786 -1.9943283521275097 12.186290668571722 0.010859301520857413 -0.05813664875077095 0.014115957342295158 0.9981497610032369
100.41111686582978 -1.9303045192103372 10.716259487127681 0.011476735487777744 -0.050492811706663136 0.015354318255839605 0.9985404375484237
100.64502126746748 -2.510884891237195 11.155022208948154 0.015471472138942724 -0.05258840455477753 0.01241971581789936 0.998419172449748
100.87866382845505 -2.849351658216941 11.58594448621498 0.018053658593809224 -0.054413558033785496 0.011055724282013856 0.9982940453964865
100.93496924631737 -3.047391879728379 10.863117708049801 0.02635326548085576 -0.05106792053688169 0.00885176048461699 0.9983081784834066
101.20606964415603 -3.77516538684383 11.444245714212398 0.021286303720540523 -0.053938950096631286 0.007044846590919349 0.9982924687048883
101.43782181698458 -4.223645987409257 11.83786243845395 0.02014931123795531 -0.05577925717534631 0.005733049893139696 0.9982233276499429
101.60673553296807 -4.643710917817003 10.732339584798602 0.02965479381075503 -0.05010940831840927 0.0025146558642890724 0.9983002138174191
101.7094989588878 -4.92411777235904 10.3374127959593 0.028095726747419225 -0.04772302150960705 0.0017926969291491984 0.9984637848185823
101.94317242356841 -5.210951792790335 10.694863290580452 0.01999132139775484 -0.049107816787015236 0.0024733705730598655 0.9985903323371366
102.07798608432259 -5.363977396915809 10.5483327148235 0.016555700312656043 -0.048100286956295625 0.0025715566661530763 0.9987019867198584
102.22894498737598 -5.4648870756845165 10.469178219039373 0.022525171459952933 -0.04796054345106468 0.0006735336043501115 0.9985949876076197
102.35530680348664 -5.545529134354589 10.277651600142912 0.02128108879958257 -0.04680337848885356 0.0004528586036118797 0.9986773022055816
102.51514732306657 -5.574977722569735 10.21502747834792 0.023962018005672114 -0.046364241679874255 -0.00040707994456361376 0.9986370777577132
102.74609140575335 -5.793033644703278 10.586311479523516 0.01714475752843332 -0.04764977252545612 -7.39158501880436e-05 0.9987169523964288
102.86877961656924 -5.657751628132845 10.308588970900807 0.018339448073292183 -0.04658619409708963 0.00010349368780268086 0.9987459038479066
103.04381701556069 -5.711415471443317 10.409485343251237 0.01180545708615852 -0.04649719359716911 0.0011786908694710774 0.9988479628343888
103.3887597269146 -5.606452242922586 11.414202197292006 0.014064526180885223 -0.051609245413329584 0.001085352118498896 0.9985677227419043
103.38863556743742 -5.488085594359397 10.56907820997279 0.017796540253587057 -0.04731354107277532 0.0005264688982854534 0.9987213999993474
103.42313093270187 -5.253036132593991 9.973756307051572 0.01524945169816891 -0.04406006559259912 0.0021311514496017534 0.9989102177054652
103.83517007746964 -5.004770840930672 10.69789416522305 0.013384136898520249 -0.04715482974769281 0.0035173821394817555 0.9987917275057061
103.87339171583409 -4.76311145495038 10.27386584256144 0.01898316216600325 -0.04494250230579166 0.00332823397498221 0.9988036513245638
103.93295718458141 -4.498084210998374 9.989679936803578 0.012612470516543035 -0.04298046988483513 0.0060172502350062775 0.9989781766863366
104.06955261274341 -4.2711723263941614 10.10387566950996 0.011108868836119641 -0.04354755639314359 0.007490367144875603 0.9989615096515996
104.10566881152084 -3.9694805140538003 9.872521025075976 0.014946604171924345 -0.04252198189134525 0.008092951438789216 0.9989509418468803
104.3801070017499 -3.995323499782864 11.065318571087902 0.016323769454156214 -0.04810766389737934 0.007905241097657308 0.9986774726548768
104.53878479404192 -3.771703888522301 11.724394593917221 0.015587616552890073 -0.051011206990125346 0.009433232523539612 0.9985318708462778
104.66604441187395 -3.7386884119823924 12.291035851130657 0.015400417171939467 -0.05350610234450629 0.010062683943190626 0.9983980501556926
104.58740442307794 -3.4562977299681843 11.752952767871289 0.02031551111995609 -0.05071239015399478 0.010813233131124894 0.9984480995435145
104.6858385990438 -3.564295250419378 12.283719430500984 0.020915922792318128 -0.05337352983903472 0.010665625668349723 0.9982985700257063
104.70063505244173 -3.4795546468984924 12.353641054784108 0.021830749791993082 -0.053833582552130416 0.011455336688041716 0.998245530425499
104.99153494158982 -3.7971296035483815 13.946974333035731 0.021419241571206404 -0.06172250031056797 0.010612014480286827 0.9978070626101002
105.04966662291348 -3.930904338142917 14.06326553594188 0.023347891838788142 -0.062405433864418804 0.010092864068408206 0.9977267019909684
105.22280707396729 -4.259596062594801 14.150406993167428 0.03134828461650049 -0.06292373209838825 0.007883622592103628 0.9974947305551235
105.26938698748005 -4.321172158311274 13.853118288905602 0.029272275370542885 -0.06116935153606075 0.008524906521935985 0.9976616512105099
105.28335579042354 -4.346587239979571 13.381494547466115 0.033944175568452736 -0.0590789912402298 0.007821612956794384 0.9976453719181827
105.32549681042457 -4.777674111219297 12.850853428386696 0.035672316929061317 -0.05645424870179365 0.005654868225276143 0.9977516855780216
105.64711577097803 -5.380246998001815 14.132852288562871 0.027769827111357115 -0.06295631627966658 0.004789616440711154 0.9976183631615102
105.9036739985834 -5.678313098938848 14.739709895722525 0.02630384953689556 -0.06557984336286561 0.003916946816475031 0.9974928817649172
106.02082072383351 -5.985217210202496 14.363371050657808 0.023156761241141192 -0.06365615678342167 0.0031267387679011706 0.9976982918783928
106.29666051150984 -6.369450804811423 14.996100938788311 0.02242635140308659 -0.06693717942488792 0.0014049517527160865 0.9975041347703568
106.59625369929853 -6.845304153016439 15.693395215379802 0.016618337280423546 -0.06999774775989671 0.0003030954457761908 0.9974086696573911
106.66805970585435 -6.799564724742022 14.570363819625236 0.01890855212844279 -0.06465807498423518 -0.00011923919259109069 0.9977283126070714
106.89704438969603 -6.518492894566457 14.492942862228533 0.021172801820764246 -0.06416100867673429 0.000632429678773489 0.9977147274954621
107.15550155508423 -6.784451658435911 14.740668874666905 0.018887066773966628 -0.06563831133388073 -0.0005068875383838233 0.997664589859205
108.10674448207445 -7.526136804385524 19.150336825811237 0.012784766086532631 -0.08854154364239009 -0.0034229947342870855 0.9959845520451532
108.4143004969345 -7.989088430544917 19.989671393731005 0.01568393937853237 -0.09229567054974921 -0.006462101707801715 0.9955871456004546
