0.0 0.0 0.0 0.0 0.0 0.0 1.0
-0.9999999999999997 1.0684540684863512e-08 8.7435317352029e-09 -1.351814771682486e-11 -4.748744379285355e-10 -5.56163916857603e-11 0.9999999999999999
0.16201157155653986 -0.08458961467861012 0.9831565733749148 -0.0001136347714733575 0.007109111192174468 0.0015781527531514026 0.9999734781778383
1.0 1.9798394224642383e-13 -3.3664689374427316e-13 -9.464651284932525e-15 5.343189174342378e-14 1.3051134860059454e-14 1.0
1.0 -2.382076760913494e-13 6.64851012952262e-13 -1.0685896612000881e-15 2.379995546757043e-14 4.258311625559005e-15 1.0
0.2914742971345822 -0.3299907767828532 0.8978579071034294 -7.345024876627671e-05 0.011009051697837639 0.008981919866562051 0.9998990551557122
-0.7147298825528849 0.699400568702288 -0.00019870796517102812 9.831362190943816e-07 1.0330199600609498e-06 6.4800985301396e-07 0.9999999999987732
-0.7147761695262654 0.6993532909236144 4.4177710335065305e-05 -5.061572414047209e-07 -4.2596744701438474e-07 -2.2179195595389685e-07 0.9999999999997565
0.24991546320355207 -0.24384831371779664 -2.6384704748827157e-05 1.279754618864837e-05 -5.7344263510574204e-06 -7.742505144494644e-06 0.9999999998716964
0.18566226560008375 -0.16205219257119324 0.08644621598407376 0.003926882991008188 0.0036507882969909 0.00018454488031221099 0.9999856085354292
0.20912956096361174 -0.10747818848698129 0.12158952151967353 0.0070620552293499264 0.005331757138288682 -0.00036754196588530027 0.9999607815582865
0.2727265367965357 -0.24215079773512507 0.14350038915093077 0.005432435438763341 0.006412598798202429 -0.0023782714159931244 0.9999618547959361
0.33812282077277184 -0.20611122985773467 0.13083148796546373 0.00792252414921003 0.0075009551184942284 -0.002665875201006544 0.9999369292074517
0.29688661775449454 -0.22739381466618377 0.16470851612312973 0.008646412373245432 0.011151227275128971 -0.0035411801839149823 0.9998941692630452
0.376059513825781 -0.243443569954081 0.16454264557213652 0.009362768694955783 0.011870250959337875 -0.005760250802478512 0.9998691190426974
0.48844007167992975 -0.26225979167304414 0.1799741990513195 0.009849607534595413 0.015137401525569775 -0.007944460460905916 0.9998053459821332
0.6891115004359281 -0.2847072253718628 0.15883572092810247 0.009164330841693637 0.01329709363839714 -0.010014384512399735 0.9998194409211263
1.0312386753320018 -0.343058966868872 0.14538683878671882 0.007068994855499378 0.008410532588292531 -0.011800665612593755 0.999870009823484
1.2289758912108917 -0.4725105475169399 0.14701515464181014 0.0028092446594576246 0.0072710353303430736 -0.01369559882128641 0.9998758276719137
1.693646896882667 -0.46728017076959033 0.22280031471424916 0.0013759423322101886 2.0282546005897955e-05 -0.014732529730378516 0.9998905234769756
1.9334748431869315 -0.7109932917788891 0.26802751469230585 -0.006726122558317311 -0.0013867798098821304 -0.017203662735484224 0.9998284203329955
2.178541824480439 -0.6888441613102931 0.2946490703076123 -0.008738581691294827 -0.0031026283604617534 -0.018616648900503005 0.9997836922409751
2.2863441273891376 -0.7834057142382871 0.2870273856207983 -0.01362526805700405 -0.0017998559164562682 -0.018803555958531996 0.9997287326431952
2.4179466221847146 -0.8598364085424676 0.33641872083721996 -0.01830396757663147 -0.0009820770180237535 -0.019802704750981278 0.9996358602912512
2.4871025277969037 -0.6221648344959774 0.3075791636234032 -0.015678737590160186 0.0016009856525888283 -0.018509924373141067 0.9997044546925955
2.5519342601506265 -0.6545598272865524 0.27181249265861207 -0.01980033395696339 0.00397508350117868 -0.017916377542463554 0.9996355080238534
2.78206831514168 -0.6605934347240675 0.3237210474007134 -0.022651361363165996 0.0023115602884151328 -0.017336343789255887 0.9995904279761031
3.0868091791484136 -0.48174958592810246 0.3949087657168319 -0.020909165442586593 -0.0012318595924091637 -0.015779576172536624 0.9996560880113992
3.0622775192443 -0.5502151972327729 0.379238829200224 -0.02743563491088618 0.005999444024355103 -0.01392407604239102 0.9995085856133508
3.158820179653072 -0.4837163020706939 0.3683275718300583 -0.02795997776715817 0.007071716424693875 -0.011833143170423105 0.9995139854913372
3.2862798127262773 -0.47524172598822834 0.4334578880360962 -0.029675305499394844 0.006828441179271831 -0.010908296654849249 0.9994767419498408
3.3601553642783846 -0.4783773400576698 0.44557932965129227 -0.031368146970193064 0.007897512602648848 -0.009204253518735871 0.9994343151840996
3.543099595077065 -0.25854922916493916 0.47107160061764103 -0.027254880720759954 0.005852174068309115 -0.0075780938287270064 0.999582660928797
3.608760605760802 -0.39830335081513807 0.48921542535877544 -0.03134440234770538 0.006642634930794785 -0.006727603455310028 0.9994639279105522
3.7349505564875587 -0.40307858377684974 0.5194290920248048 -0.03188092594479772 0.0053628923956350735 -0.006133552479431237 0.9994584661105419
3.8367327747005913 -0.24078904842074195 0.5374491548752472 -0.02786818186399456 0.004448405490887914 -0.004237826318297958 0.9995927255418978
3.8906835092377645 -0.15304086397436134 0.5659055120520132 -0.025006665086726405 0.004392106045416071 -0.003432089586729629 0.9996717445575797
3.993690109214773 -0.10813959845919324 0.5898895266216281 -0.022610467498950352 0.0034019721860621696 -0.002564995213302156 0.9997352720316913
4.163039814890222 0.047512264710281006 0.6309291643461361 -0.016812435117693366 0.0005670940589087016 -0.0015469907662655866 0.9998573034435018
4.274823597349295 -0.09844520693031236 0.661099343670931 -0.01569646718097536 6.539780191389542e-05 -0.001574770662798948 0.999875560626683
4.46517874855862 -0.12556899196904606 0.7039758376882481 -0.013534388948809747 -0.003348658310596429 -0.002143593976692085 0.999900500954052
4.499420547377957 -0.22748168405973557 0.6932674554017552 -0.013143338212326933 -0.002815580465455216 -0.0026598008099750986 0.9999061209068231
4.723354428624801 -0.22046086675645915 0.7114997012233708 -0.009819728732804262 -0.006234861372262098 -0.0024988036134530687 0.9999292252013561
4.786663999847418 -0.26522931113156645 0.7006265586615069 -0.007478115373880145 -0.005563490995254777 -0.003316885297692445 0.9999510606176298
4.788382922742481 -0.49332495921481584 0.6609382909082233 -0.009752847110568326 -0.0026733250757585932 -0.003969006475019923 0.9999409894058141
4.948896409038521 -0.5387536911361123 0.636023419872536 -0.007574386215908094 -0.0031124069627117158 -0.0038368403960662646 0.9999591092900378
5.221415102466469 -0.6311656532347063 0.6475585186660457 -0.006929662957881183 -0.006147328595677076 -0.004465406484046933 0.9999471237357299
5.483828096557592 -0.7056535937548862 0.6219271717862666 -0.005915723317333138 -0.008812412027774497 -0.005749030602224737 0.9999271444755463
5.670539360056425 -0.8267353173310303 0.5794184062993056 -0.006877867589929331 -0.00975542788250467 -0.005959654463435973 0.9999110005810122
5.726304375831852 -0.8168438320309191 0.5085161989554386 -0.0051472182820831314 -0.007089198078437803 -0.006305404074343878 0.9999417439501266
5.8802417725973815 -1.018692670571709 0.46000626293727714 -0.008516514382435345 -0.006132080495591403 -0.007924980471880564 0.9999135268892454
6.003286458997304 -1.069791178858068 0.40101050967313695 -0.008677275530231789 -0.0042180979485445524 -0.00801496777133589 0.9999213333211234
6.3062714183328925 -1.0753094402144654 0.40738466604056267 -0.007258388987778955 -0.006337788078627815 -0.009199861292078724 0.9999112514537373
6.411849056274446 -0.9791457523109246 0.3205688247455648 -0.00398746107584815 -0.0029797036939484736 -0.008068755196972345 0.999955057344897
6.660684923176695 -0.973847012892045 0.15267896470739054 -0.0022197566049383926 0.0038095994262946995 -0.007451552413663999 0.9999625162972122
7.128969951057744 -1.054652194976244 0.1276552952061566 -0.0038599639720719356 -0.0011950844170708183 -0.006647657577667975 0.9999697400922192
7.327147057661506 -0.9993264168376524 0.07330008933771869 -0.002430741003535244 0.000816168320756966 -0.005031500219426948 0.9999840545593653
7.5755834110892035 -0.9236110933240644 0.022213312314870507 -0.00011386646044939333 0.0013266816414809935 -0.00433251286873533 0.9999897280884907
7.804955675132707 -1.0045094861884714 -0.04031067859198168 -0.0024992300752357177 0.002850977989501219 -0.002853664318211911 0.9999887411233656
7.955467812545254 -0.7371043988726864 -0.13593706564386013 0.003932421468195939 0.0062343096284799 -0.0008840720739432661 0.9999724435510314
8.161743187527218 -0.8352036551330931 -0.19235743456722418 0.0012435575745902987 0.008770788962046678 -0.000127723987811797 0.9999607544859572
8.385570266862688 -0.9477075656923142 -0.2902005725476605 -0.0018217519020428462 0.011640254273715386 0.0005406790559669138 0.9999304442643043
8.83075401401328 -1.0891329073867684 -0.31294714514640704 -0.005613643532694458 0.009213413535820331 0.0008561405585297992 0.9999414318052082
9.061772972089837 -0.9055623085630948 -0.4175949325529437 -0.0016888414572856793 0.01265254099748696 0.0025226698297528068 0.9999153449956496
9.409015588124852 -0.8591713012290922 -0.448283749328595 -0.0013464882085698568 0.013752839908989718 0.0046294940183902724 0.9998938014354702
9.585736505613514 -0.7550072245125928 -0.6440509076441234 0.001179440708530524 0.01931825530717152 0.006415232509088893 0.9997921077520848
9.814626724274696 -0.8346770822515888 -0.9442772428489554 0.0002323485226097114 0.03311428098270974 0.008888825806037746 0.9994120167303133
9.93147817089971 -0.8882134017735397 -1.1248698722685855 -0.0006296279560203105 0.04015881406978357 0.010392888507286617 0.9991390599359133
10.080798592904607 -0.8211730295623231 -1.2713606927656238 0.002254259231586915 0.04591695115850977 0.010789713529762237 0.9988844447650437
10.318019037611986 -0.9435330602504984 -1.3810335158394704 0.0009573643900744934 0.04983406737919752 0.009503208243212966 0.9987118394286494
10.276869624545952 -0.9875069536565932 -1.604384269786035 0.0005747279431940326 0.05974294683974996 0.009434157787269963 0.9981690471345719
10.334715738179076 -1.0099339734874244 -1.7556261392156893 0.0009683778596071217 0.06659991231711235 0.008362444168649627 0.9977442475159655
10.311724004544079 -0.9844141429400451 -1.9379172039465513 0.0019254168590502848 0.07488163566827431 0.008263296758583205 0.997156332445541
10.93720259215626 -1.181112047757093 -1.8504844472169384 -0.002209390666629484 0.06716230787554729 0.005006789206911459 0.9977270543868949
10.748937354857755 -1.0478863488661228 -2.2549128462525347 -0.00032256030117413696 0.0793705468027644 0.005175781257697366 0.9968316926861097
11.64754464455885 -1.149946372660703 -2.1873555093009243 -0.002972823235878043 0.06411028776510523 0.0018113143736574642 0.9979367477274916
11.960770554731468 -1.035734015421063 -2.5699468291233605 -0.00425026216873625 0.07031040677804552 0.0007165029856628374 0.9975158487932281
11.919687756650253 -1.0074455516650094 -2.7982698593608695 -0.00627864259307199 0.07801394598654907 0.0010857753577275225 0.9969319053830451
11.848586324132379 -1.0526265758012219 -3.0871461131775426 -0.00967884680091827 0.08625723407063939 0.0007599411365070852 0.9962255929178673
11.78701579191593 -1.0335759005570546 -3.238201388231403 -0.011720474507221546 0.09295948927317123 0.001670713167178813 0.9955995040923382
11.905612222461775 -1.137489272815684 -3.30040587398872 -0.0159673767424952 0.0948413407547281 0.0005931795899626647 0.9953641600448465
11.771524012291623 -1.0017386051372337 -3.5961825044827385 -0.016319440105207805 0.10321949274089179 0.003188786938103648 0.9945196045482607
11.711345978893442 -1.0246043532753784 -3.701468912698087 -0.0187141848365158 0.1085724444486986 0.0032196552324654736 0.9939071573404243
11.722989701127446 -1.0590309565778648 -3.812393205731275 -0.021417850828232277 0.11313550237592991 0.0027389631179781694 0.9933449208855321
11.709643566430746 -1.068105594459245 -3.99052997493259 -0.02413063772642789 0.11714660249902308 0.003667361768089559 0.9928146535499532
11.612126013374507 -0.9540267965067618 -4.007142006109497 -0.02399561411010602 0.12281737713549712 0.006384036716027956 0.9921186151122477
11.502201391818424 -0.9449695959782066 -4.104481699037769 -0.0261267547118583 0.12812860480425808 0.008008352812438956 0.9913810163627161
11.538747144695321 -0.8877258069441069 -4.177639823527644 -0.02709538958752316 0.12986997167469155 0.010099535502085411 0.991109292511657
11.408619436932298 -0.8763114512673252 -4.220196525587442 -0.027843140720905133 0.13561409293054794 0.010954756070752974 0.9903098356740939
11.375406716030879 -0.814872720146097 -4.282732733698001 -0.028229485496411494 0.137882948924086 0.014211483528310368 0.9899441510916311
11.37191696376338 -0.8483202799483099 -4.3508099683812915 -0.02964724655171002 0.13953654021526396 0.015609231716408508 0.9896499111311432
11.350626257089814 -0.7770667941370328 -4.443075073617681 -0.027440441452287946 0.14165157356597752 0.018166179744325897 0.9893694172515557
11.52139771437987 -0.7455782064401243 -4.492880219908064 -0.026197363110594354 0.13729479975386538 0.019658759974820094 0.9899885702788948
11.490070727172567 -0.8311560257030771 -4.581121007126363 -0.02592825378669645 0.1380414431579974 0.018113262073239114 0.9899213076621274
11.519664901045955 -0.8071917722946147 -4.482767575789157 -0.023379882875614696 0.1379894899423364 0.019947906144576328 0.9899567479352942
11.466428922537899 -0.8085460236571027 -4.513697585028519 -0.021719815080834644 0.13939701789402706 0.020204258713039335 0.9897921544268591
11.404013666968998 -0.7742913949516798 -4.467909395330279 -0.018470665255920317 0.14198916258079644 0.01976764601307683 0.98949843476668
11.378909722780266 -0.7950804084862038 -4.484049841082943 -0.017133749143486827 0.14395418380307715 0.019237763014617295 0.989248975779137
11.099646703828567 -0.9483813919751047 -4.615083154384294 -0.018087665935615088 0.15179473591518106 0.01622898132163046 0.9881132600338406
11.231297909638707 -0.9222395581130638 -4.733120704695038 -0.015827134128566494 0.15036293789279495 0.014774029177472779 0.9883937559471868
11.11832276864049 -0.9114635698592073 -4.763953500006015 -0.013589648261734855 0.15564590914125176 0.013263274711979153 0.9876303751766802
11.073516223573863 -0.8925343746695129 -4.832901652898487 -0.011884284273384104 0.15852154359568965 0.012140286160690161 0.9872093483427341
11.048410728787326 -0.9250322930091042 -4.908065863801878 -0.011351211057160878 0.1610905780970344 0.010600834906622874 0.9868174086198427
11.049769160769987 -0.9482300505483785 -4.960011205025816 -0.010836842189120269 0.1629389090036785 0.009650459199483388 0.9865294437680501
11.146873332076341 -1.0149082827613904 -5.005484638761179 -0.011523811778501257 0.1620604040411868 0.009220762871276529 0.9866704641044916
11.171592075900262 -1.0495985867554298 -5.049748104881632 -0.011421780991868122 0.16284534945693876 0.008731239866530007 0.986546856732925
11.217757417902913 -1.0694753980062763 -5.083097315988426 -0.011221104442535091 0.16258740306243624 0.008561652291228223 0.9865931893594982
11.191085737144737 -1.1020834488190994 -5.163779093056298 -0.009826335885167726 0.16518333861021664 0.006727646048207104 0.9861909787395667
11.374938161247961 -1.1280139998107754 -5.1537770296970935 -0.009592089719002604 0.1617531326249005 0.006113156686757143 0.9867656992499168
11.502480781321353 -1.1093129230064895 -5.1781737987362115 -0.008656609849980772 0.16003528986722587 0.006254919110002275 0.98705351683176
11.71585166622298 -1.1205882981683146 -5.162225235207721 -0.007966558472635997 0.1562945078822155 0.00566357907848796 0.9876621308038391
11.887694093894481 -1.136040520483512 -5.059818484826159 -0.007689496829716134 0.15298999238123187 0.005347021711044934 0.988183355065505
12.005725423663211 -1.0906156641260594 -5.024391032116196 -0.007514294996532505 0.15213254833307865 0.0076660154095621056 0.9883018037604347
12.140072814566768 -1.099126286634561 -4.92291528106281 -0.008050955514835053 0.15007300870339763 0.008669432168628513 0.9886041245715504
12.208782221046798 -1.1619439393723856 -5.0343265290478625 -0.00954891557945261 0.1510603341135419 0.008140929086747474 0.9884448992950321
12.042762908486736 -1.068180008430464 -5.3309347845150965 -0.007700079383647739 0.15734470629640054 0.008849752601700872 0.9874740675363954
12.101921794279676 -0.9779471447430795 -5.62155093667878 -0.006499822336097957 0.15979771400454348 0.010398851337551463 0.9870736075893128
12.0355902622812 -0.9239708401271534 -5.7566497441403035 -0.006359420047383933 0.16481846990785215 0.012293087218187207 0.9862268044220566
11.933520154488125 -0.8250838290159873 -6.126773280146887 -0.005776040650200024 0.1735961704659348 0.01481148939722534 0.9846885937878052
12.081992566526504 -0.784415731138616 -6.261874557376516 -0.006310545225556254 0.17470907948696202 0.017164691178633253 0.9844502465541449
12.436833879650273 -0.6567041637246436 -6.237750824111141 -0.005716326270534286 0.17088665219983185 0.02035504176696857 0.9850638293981602
12.44356225019073 -0.5411378121332634 -6.334258602826198 -0.005688958013517097 0.17530357474797023 0.024361007347756904 0.984196542240576
12.359027560303689 -0.4909159778643676 -6.511917845809281 -0.005988008485107275 0.18239253171705025 0.026478248044652854 0.9828509604760597
12.258440828967299 -0.3887903143643424 -6.695498785671574 -0.0061241122321945216 0.1898657515724279 0.03044079648138578 0.9813189336493938
12.038360999772253 -0.2906241817041086 -6.885597851959579 -0.005967859462820305 0.20038797069318784 0.03422203872888481 0.9791005555713554
11.88134600537899 -0.1956961628259284 -7.099093197930259 -0.007331265854606667 0.20969041829758267 0.039172276021012906 0.9769553284600517
11.773213978063076 -0.08514841524621419 -7.294100592081191 -0.008288154064414764 0.2177520468905388 0.043730420952005467 0.9749887193504064
11.498691566936401 -0.07598037640389957 -7.511330560209867 -0.00953311416066495 0.2305210232542701 0.04558156514939209 0.9719524157543598
11.166420719774727 -0.023080274802176847 -7.752141174788834 -0.010984620996581738 0.24457756613905166 0.048998721770552325 0.96832859996383
10.602421216122996 0.075677984446689 -8.173128053213857 -0.015033173926599305 0.27013150203783576 0.05648237593805555 0.9610477181164666
10.244934968966517 0.007203093257530997 -8.43821516225355 -0.015268094534278073 0.2861549379502479 0.05450909229851392 0.956509799026008
10.047852026024586 0.06344818417694711 -8.569471343064015 -0.01729057424024161 0.29697371722322724 0.058428773189643124 0.9529395184294829
9.735949388337266 0.04031484639837593 -8.799304395827642 -0.017874716231096748 0.31079497360952024 0.05856730450887265 0.9485024247419088
9.451365326811219 0.024506594925210144 -8.984601651609925 -0.018893236769292696 0.3237899929923113 0.0598830713092232 0.9440429565507032
9.233022665367129 -0.007370638511945405 -9.155510620432562 -0.01955014794257408 0.3354799465478468 0.060024830458043604 0.9399297936059695
8.980228928626703 -0.007653993900374423 -9.379726609081098 -0.01859569666879819 0.3471999770893745 0.05958944281465401 0.9357112130778272
8.70052514571144 -0.056317893384682 -9.557240301594081 -0.01947507313941473 0.3600272059040799 0.05935469667608685 0.9308480824052899
8.410322325373132 -0.08733345349877535 -9.754847964002469 -0.019473574643148816 0.3727776136317435 0.0588927263144921 0.925845169265837
8.150591993682289 -0.13416354179652995 -9.93027768535325 -0.017685665804184132 0.3844854184003165 0.056022806766327475 0.9212598034130324
7.893695574279978 -0.17928211043753203 -10.095266960112907 -0.016848861146512833 0.3959693553782541 0.05430049931768752 0.9165019592195345
7.5993497565823045 -0.229570166639818 -10.331419154970625 -0.01599632215471183 0.40823913335929113 0.05216799243202644 0.9112427932429368
7.333809242145964 -0.22163101914797434 -10.512164542143944 -0.01515689926076997 0.41947291103840556 0.052794632726079135 0.9061045591238812
