0.0 0.0 0.0 0.0 0.0 0.0 1.0
1.0 3.450992099767546e-09 1.311500177099115e-08 -1.814788606103513e-11 -1.4158561707630288e-10 5.0869415578913033e-11 1.0
-0.30382965587183797 -0.2630355527001258 0.9156963679236364 -0.001069531600287933 0.0074897356646476095 0.0029612441852159303 0.999966994952686
-0.3609432615735094 -0.18186143856476475 0.9146837590598356 -0.000893659575923988 0.011401928340635884 0.0020781517244816876 0.9999324370616683
-0.03029923818141378 -0.10194126659220015 0.9943288864008749 0.0013000310742739493 0.013327756795891745 0.007963609923959423 0.99987862350136
-0.1605296354027805 -0.09829244646765596 0.9821246515208004 0.002063658611750492 0.016305863316098786 0.008570526574599526 0.99982818834482
0.9869094726425354 -0.034593199972515275 0.15752143766514723 0.00244136107911547 -4.485808525645866e-05 -0.00024361144547881304 0.9999969891941162
0.658793963661542 -0.34552162460726854 0.6682853584898211 0.0032277870831198493 0.0013188798073328243 0.0008191914964120965 0.9999935854153726
0.973592022060671 0.04553714564294718 -0.2237072706608066 0.006307603973806666 0.0056687455506782185 0.0002126594064376783 0.9999640164685768
0.4402627545151889 -0.035514513783353276 0.12825677707041205 0.007093935155127464 -0.0024427777761691135 -0.0005071654913251468 0.9999717254522328
0.39947089662558516 -0.09200127761489113 0.18365025292310677 0.007633314230862835 0.0008377495691906818 -0.000879933191786164 0.9999701277573697
0.4054074908531973 -0.0585733788405832 0.22127305399349492 0.010150493751640257 0.0032484922034739 -0.0015124620110551468 0.999942061938424
0.5473528528408027 -0.13311000712552062 0.23199957277116004 0.01002790009156241 0.002435346540822479 -0.003011184379259247 0.9999422198685352
0.6543522560250352 -0.1889759826410175 0.2712758495721109 0.010324679119154783 0.0025075063315167186 -0.004037475030627943 0.99993540401791
0.7741334563821182 -0.17484713201185018 0.2713904833954272 0.011815935231637894 0.0023629353482142908 -0.00585764500874336 0.9999102400746246
1.0755782348423228 -0.21751832737588245 0.27306724905186924 0.011792548444298546 0.00095177358046161 -0.009028092032454174 0.9998892556090869
1.2108312329190443 -0.23338128322233614 0.2629740797675506 0.010997913388301438 0.0008578092884272699 -0.010148532126231112 0.9998876523690103
1.4214819177512337 -0.22362547274719033 0.23724126949149502 0.010318275241554117 -0.0008845895110459303 -0.011494034674170968 0.9998803117695365
1.565052480419108 -0.2810961860659808 0.2349749764215124 0.007644362860343987 -0.000775998505864552 -0.01309800722649767 0.9998846952271411
1.7072879346024774 -0.3137479063854556 0.23598694388698488 0.0048919850361169 -0.00046304232910200383 -0.014282227908804367 0.9998859295140465
1.8688269583526238 -0.3301164574671134 0.23052344392281682 0.0019116147378024095 -0.0004625428022843685 -0.015309224785754619 0.9998808726141877
1.9838504593118516 -0.26180515767959817 0.22579937963377794 0.0008449118090762045 0.0009130729510030962 -0.01527102285687432 0.9998826172520081
2.1664614638863364 -0.20619276806391285 0.23167971470778675 -0.0005844160036764448 0.00017628208706264818 -0.014587271641282961 0.9998934137639991
2.2387637183570743 -0.30722289922679463 0.23143301826356116 -0.005808217287949757 0.002437335916737855 -0.016009921151731634 0.9998519922619948
2.3581721591865175 -0.2280207634143409 0.2376570977966784 -0.006904450091513274 0.003670695125579665 -0.015008526716412994 0.9998567890913336
2.5169306960160864 -0.16419776721654977 0.23981579041027687 -0.008237384969589107 0.003704386571373129 -0.014780537935995378 0.9998499680988719
2.6195432644770325 -0.11155828347984086 0.2552478088764918 -0.009791542571160144 0.005059364059839473 -0.014272797132739925 0.9998373946754516
2.666965503166187 -0.10502295282852409 0.23995086643141236 -0.012404899265256116 0.007634009930955977 -0.0130104650453091 0.9998092658931991
2.8551911765670055 -0.011668638358713977 0.18733433547933592 -0.013608589615493424 0.008842617100179374 -0.011720853068573886 0.9997995979269253
3.0246718139712643 0.07717797260715725 0.31270663104346097 -0.01498981684891796 0.008868094475413257 -0.008211162239563788 0.9998146023668021
3.100882204402663 0.07382690758492647 0.2914678526562537 -0.016777112378319557 0.009645389918513356 -0.007154043343550386 0.9997871346528738
3.083876912173406 0.04191722783741225 0.3051362719684863 -0.01896117164395381 0.012534519429222622 -0.0062971995507117295 0.9997218138414233
3.2858767550878913 0.07415342279030697 0.33160187269690616 -0.019401969246648644 0.010325296612524178 -0.005177449152886467 0.9997450404275506
3.3634874437156004 0.10126613354835251 0.3497262524799789 -0.01944650494990076 0.010599230927287866 -0.004199210184314394 0.9997458959069607
3.483261104448117 0.15397481108696526 0.394872810526394 -0.018454361377704676 0.009492382011363851 -0.0030240648712572754 0.9997800689459386
3.484569254972869 0.13246761921930425 0.411313798739282 -0.01880060035219316 0.011215921736922286 -0.00230034040744549 0.9997576951241727
3.696444911257455 0.16054009853338153 0.4617801944315563 -0.01744199124989683 0.007673548218130875 -0.001878019093922957 0.9998166665160495
3.775790204763523 0.12265057160736287 0.47078875236871237 -0.017022591662476695 0.006865211770161727 -0.0011110127567491698 0.9998309186512977
3.893531647760084 0.12023160721055215 0.4984162612589386 -0.015024628990072234 0.005332146943800488 -0.001205895626030467 0.9998721791051192
4.041674932263315 0.0897205676605683 0.5313510827637459 -0.011057953603399584 0.003916208795070476 -0.0008116509701962547 0.9999308607066195
4.117208896952715 0.05596130542855046 0.5364490440488968 -0.009301591397595853 0.0033645849013067284 -0.001074653518483708 0.9999505013178049
4.2705237125119915 -0.03707150552290282 0.564760817552294 -0.008765329209573937 0.0009958681952852064 -0.0013038036098247821 0.9999602378827532
4.332502392890385 -0.11943901814261648 0.5754666958548382 -0.0075480060673905345 0.0010191615089064825 -0.0018690928898618879 0.9999692472301308
4.365543392162688 -0.2911008966181592 0.57501283915725 -0.00836795956309278 0.0026142517039762806 -0.0026599942639945785 0.9999580328050244
4.591949848124667 -0.3518536011711011 0.553289534668394 -0.006678122274783996 5.651956466838911e-05 -0.0031779236622993708 0.9999726497707917
4.707243922517607 -0.3306662919362965 0.5255262891529338 -0.002908986072740524 0.00045332772363016025 -0.0030818689353242835 0.9999909171476854
4.852227695325814 -0.40945323739622014 0.508594320269082 -0.0018043253178751375 0.0004880767865564312 -0.003676192499872492 0.9999914958637907
5.0733036838308045 -0.47895536534059774 0.4985685578130304 -0.0009145072894857983 -0.0010968239961159892 -0.004298347952678183 0.9999897423765989
5.246193977585681 -0.6103107156075811 0.45456322804524074 -0.0021209413540963563 -0.0018526269611212028 -0.004796240440323442 0.999984532609757
5.41471052232024 -0.6982537913731401 0.42446789992618383 -0.0027572030558940083 -0.0019201827727071922 -0.005648694062851937 0.9999784012591534
5.706613764480566 -0.7240373405996052 0.41135564422708804 -0.0016868128301090082 -0.004746199826125847 -0.007001188313234032 0.9999628051142149
5.873327064218903 -0.773225205027671 0.37510752877273085 -0.0016907678982211113 -0.0037392136834741834 -0.007676334185387597 0.9999621160216111
5.786041698257606 -0.6270327929328074 0.2769826375687689 0.0030131430515732294 0.004026581857354957 -0.007349906314664657 0.9999603424559708
6.160156228322865 -0.7361800070743778 0.2713441695976158 0.001591020687408949 0.00020330020806534084 -0.007645547886583235 0.9999694859943036
6.678312615800793 -0.9429153982149918 0.20142313280932658 -0.002008321944032256 -0.00035729917989343744 -0.007595803033449874 0.9999690708999665
6.775036916438894 -0.9713946508214997 0.11595128790320926 -0.002330130150554444 0.004696663134823601 -0.006605758344918293 0.9999644372704302
7.053720315854093 -0.9180100610223951 0.05204326303753619 -0.0006377729960542353 0.00442695231859268 -0.005706249325554693 0.9999737166832982
7.282516197613702 -0.9545405027112928 0.016498600633912425 -0.0010554177380920511 0.005687531534010499 -0.0052630198674715805 0.9999694188825587
7.43326736827632 -1.0242924012399106 -0.08033572791811947 -0.002826988940495891 0.008975910623938108 -0.004792055315322801 0.9999442371291792
7.715795561679169 -0.9752665901332606 -0.11747959159516852 -0.0021175912474465145 0.009055954728124026 -0.002480734453359284 0.9999536746509025
7.922978961319669 -0.9637812145737701 -0.19236364668909697 -0.0021718420378679546 0.011524581565007642 -0.0008599687821626124 0.9999308613977307
8.202512457133459 -0.9790938677674964 -0.2626517765746333 -0.002778311152237902 0.012721034077582865 -0.0003262186245169615 0.9999151713323223
8.414787675876287 -0.9619860169841187 -0.3965074315531632 -0.0028831315091379173 0.015660293666186213 0.0012922923956105179 0.9998723782240182
8.769516329317653 -1.148043499136291 -0.37235458586925424 -0.008477156485179192 0.0163358881118719 0.0025978748173843304 0.9998272488905048
8.998483353013087 -0.9226767179921954 -0.4930393546402679 -0.003065220077601677 0.01946966924920004 0.0040898051961326225 0.9997973844227941
9.023366173734347 -1.194422796313304 -0.6857459885722347 -0.009615237312472656 0.029130554465167362 0.004284520068829775 0.9995201853368227
9.038275371779156 -0.843196242602342 -0.7473204820738797 -0.00047975137835968104 0.038218502703418436 0.004435545087335826 0.9992594467051598
9.664370972576744 -0.6985876267107254 -0.6164616122177013 0.00406560047296803 0.03224926687581607 0.00638575456934983 0.9994511883115387
10.309791709933128 -0.5323482125705787 -0.6429390724391227 0.006674802728960484 0.026478649403101327 0.014375110878640514 0.9995237287436172
11.12992986574525 0.0483954273987524 -0.7786218408682204 0.023030247297470687 0.014463840718448018 0.015121957604317978 0.9995157484598739
11.751182811217957 0.3365936136620104 -0.8283225019210945 0.030021278020853564 0.006972320572686195 0.017070306713687925 0.9993791644018435
11.983476500098714 0.33009704622904507 -0.8780663102373761 0.03006983655673819 0.010819467924484868 0.017228803111139567 0.9993407388807081
11.832913350772102 0.3739003549913544 -1.2264866704829944 0.03253655818981861 0.021909826719637496 0.015345222240928047 0.9991125342165679
11.727597174950041 0.2523932287841918 -1.544081113167636 0.029889637392484448 0.03276111501438253 0.01298567980398109 0.9989317749674342
11.825044717390794 0.17269059733058922 -1.690570223688107 0.027480909943843983 0.037760170175442975 0.01134900593141026 0.9988444169145407
12.0668760347599 0.33666276764898334 -1.8166862978967808 0.03124379189399094 0.03929145373346325 0.009266848026635473 0.9986962164037908
11.76556465394441 0.3748908570639116 -1.8856279579803252 0.02930339305478907 0.058273513404664766 0.010045537233112509 0.9978199216154441
11.728965662886122 -0.6609442201694107 -2.182601732677108 0.0025033354710386844 0.06857080367445 0.002142758266707886 0.9976408105034447
11.850696722167617 -1.721183967415988 -2.4171246613908974 -0.025725096268897962 0.0724461375389221 -0.004258520498537964 0.9970314145405906
12.055949736801843 -2.532025498343026 -2.4492514352908143 -0.048238335835561134 0.07234813315513318 -0.008176004159909624 0.9961786805291307
12.790310460099189 -2.6334968123117193 -2.165634957900931 -0.05274621653905688 0.05760475483010487 -0.00985416874290758 0.9968963959309737
12.908862895193415 -1.8324499270353676 -2.43414069022635 -0.033425055186204936 0.058930899218614025 -0.008240040463721432 0.9976682898319665
12.819682315904616 -1.3888815926577815 -2.629746673137019 -0.025322050822463523 0.06668239165535463 -0.0046409801897247015 0.9974420853804722
12.679586660400199 -1.2692089087704235 -2.804844992589275 -0.024963890844258468 0.07462507093937176 -0.0027049241056839065 0.9968954741229354
12.84661195928423 -1.2338057444123536 -2.8704042122432534 -0.026894282487606135 0.07352250073978048 -0.0014332254854191272 0.9969298296867005
12.928814655264878 -1.2505752326875776 -2.9378414373046637 -0.030106341594936848 0.0747028978892239 -7.989894133877948e-05 0.9967512622810569
12.972290387380342 -1.1972092945543642 -3.0294002505742834 -0.03092690188380705 0.07653579502933863 0.0010881576180123626 0.9965864813111278
12.99477956278728 -1.1625663215919049 -3.10093163828799 -0.03230473295836288 0.0786014898129549 0.0027883906756564288 0.9963786604023155
12.982655855346138 -1.0979107871846674 -3.203830252934042 -0.03219408477125904 0.08130705046071754 0.004324915603844491 0.9961596255400733
13.231579384975426 -0.987561255372888 -3.1519607187704293 -0.030210629042723123 0.07654771319161309 0.0053932319342505945 0.9965935372795074
13.201914220830089 -0.9427660606615015 -3.2375244329440016 -0.029925146661973854 0.07907201448898127 0.007219169328078612 0.9963934893987045
13.291878316130372 -0.8736369072623413 -3.2825466789659985 -0.028050458346599787 0.0781708998910714 0.00981812793953008 0.9964969074515629
13.42352024434289 -0.8720639116548514 -3.2578618596789837 -0.026938502789030237 0.07500915709200201 0.010538335076696631 0.9967632050360026
13.456930719872961 -0.9100364989234984 -3.275026814713348 -0.02578514218334286 0.07390837436004713 0.010273099462850904 0.9968786997771927
13.567762389991763 -0.895233918972186 -3.2580025579027834 -0.023065229196608153 0.07129140358942442 0.009946610323848535 0.9971392058882367
13.569316396160351 -0.8791046110885714 -3.3031330331873052 -0.020305788613205696 0.07151566759645585 0.009604117660915271 0.9971865147308122
13.704962351171817 -0.9380476614257137 -3.2836896102559447 -0.0194669568876191 0.06861945705644544 0.008492424043697055 0.9974168067747186
13.754224904123117 -1.0539225772082526 -3.3255222016144925 -0.02068043822596837 0.06850221128519567 0.007411772545078838 0.9974090595896753
13.901514469709356 -1.0910774997183117 -3.3174027662744416 -0.019450651975137793 0.06612499180056279 0.005739510506831683 0.9976052403712901
13.903336470579214 -1.1797014576879483 -3.3911824814913314 -0.019789357459742037 0.06783691362166167 0.004016931123943862 0.9974920544776099
14.113676344390186 -1.2529203787182612 -3.3440053374249037 -0.019722728452600667 0.0642418194675386 0.0022473409384303465 0.9977369152600256
14.179783678741872 -1.303897970757486 -3.393860156374533 -0.0192608246990258 0.06454870331513039 0.0005693399343576693 0.9977285008379222
14.358050836209863 -1.3351927471767262 -3.3837240842772225 -0.019017579389449348 0.06208616743302947 -0.0004670885253842184 0.9978894835180664
14.42683315269737 -1.4403575370936899 -3.4026025152015484 -0.0198449546040029 0.06229521192591552 -0.0025283953030779604 0.997857250093951
14.56194685856374 -1.4845195486296647 -3.4169257892216027 -0.01961442014391722 0.0603674697949807 -0.0038738364681849217 0.9979759699030772
14.582418969746909 -1.5094918884656796 -3.4722671220630836 -0.01864543971890879 0.061435243226981066 -0.005436103172836376 0.9979220947797601
14.785767174552078 -1.6045342211787346 -3.379292087587425 -0.019381138569943668 0.05751224317027568 -0.007206682471453675 0.9981306412895115
14.925622454110519 -1.6485527968857883 -3.3624508995548976 -0.01817853087162298 0.0559342370740915 -0.009281041579360114 0.9982258083246951
15.045188804050563 -1.6902445060164712 -3.32918119256621 -0.01775591934995805 0.05379007265990332 -0.01062633207670796 0.9983378368457622
15.089391994808818 -1.7296192698569042 -3.3482956286497196 -0.01796114882413311 0.0539446704109926 -0.01131151779238041 0.9983182955512732
15.237383487303854 -1.7691662016614607 -3.292172154998631 -0.01812536449555462 0.05106063211073859 -0.011669371976745608 0.9984628730043114
15.352134374245777 -1.7892395359039464 -3.241000555577225 -0.017990295430014305 0.04924332100507714 -0.01186213813184431 0.9985543221506142
15.494967017982772 -1.8116026405308665 -3.190244241794633 -0.018304231105736243 0.04710406612382237 -0.011708934944852688 0.998653625097655
15.570342366986297 -1.8470027411983163 -3.196046810333679 -0.019512747640291855 0.04727241010117328 -0.011167539671073768 0.9986289891548551
15.641929695466601 -1.7913047223961684 -3.2365369415486933 -0.01859571477444257 0.04785033615033553 -0.010185690668006085 0.9986294590226863
15.778788835672174 -1.8360632791094726 -3.232630461293788 -0.02058312546925217 0.04718148373038976 -0.009275317699621515 0.9986311686606257
15.942106357825798 -1.7967563567610094 -3.202953576402483 -0.020528684750906013 0.046047660610556186 -0.008128154600417955 0.9986952083381018
15.946787448393174 -1.751081432708314 -3.316161378206598 -0.02099972218650848 0.04970097043884618 -0.006193816324420609 0.9985241418437842
16.23100449760251 -1.7790468861799822 -3.3345417975081957 -0.02511816412108706 0.05035152822974078 -0.0026505958877421623 0.9984121272187932
16.59275540735677 -1.6409624320702163 -3.2310617238686707 -0.023835551932595928 0.045414779106493774 0.0001612555553601061 0.9986838029623905
16.538648579806203 -1.511881952993975 -3.4460709025919667 -0.02259417081901123 0.05204608316730725 0.002869895527197229 0.9983849319634216
16.727674044152312 -1.4426286290687318 -3.4807839988731106 -0.0231499679952225 0.052132866443421993 0.005815596707292874 0.9983548577801135
16.877983449783247 -1.49659107304066 -3.5206890327817506 -0.027134869193855323 0.05388867146322179 0.008649451901813918 0.9981407200107406
17.062097268892636 -1.490965728245025 -3.587629900169895 -0.029829889301907758 0.055312601415176105 0.011677542144165444 0.9979550735571181
17.21788245209028 -1.4496364245919475 -3.672838955001063 -0.031585058554087275 0.05763698923495855 0.014554997229748068 0.9977316841735088
17.318547996124067 -1.2775828604459132 -3.8289908177864582 -0.030556408260555622 0.06164599882693376 0.018233378868170787 0.9974635936403362
17.60442924169374 -1.3348991822295746 -3.7926526585518667 -0.03496062848398422 0.061240375401301256 0.020307144087628428 0.9973038608045779
18.107571711277302 -1.345661100814293 -3.612636053482557 -0.03782978702893379 0.05516927332649492 0.021608574786048943 0.9975261039139215
18.027484717303366 -1.267652684849135 -4.042764363417675 -0.039212270136413443 0.06642450394237594 0.024618797777651795 0.9967166588066747
17.782963237662486 -0.22658815783720446 -4.788279518241429 -0.019008619462164155 0.08210874774216649 0.03261655701511908 0.9959081213339086
17.41209954663665 0.6386646003265524 -5.518396895654036 -0.0032707060658060346 0.10063639962579388 0.04113798242153385 0.9940670419818144
17.997636428470056 1.4456680979927254 -5.444329351340439 0.01710937612868018 0.0945929321362054 0.04193202375309173 0.9944853703410286
18.2071646504997 2.286375501426536 -5.5339239980039405 0.03472219599381867 0.09826245906863314 0.04597613675584938 0.9934913452527704
18.450451473110324 2.9199809039709517 -5.55807285234674 0.04949510719211339 0.10070977392062043 0.04835590346583049 0.9925066661745411
18.100052461258137 2.7254014634332573 -6.067258061647275 0.04649254346042752 0.11859685224746216 0.04563684454019388 0.9908029614711434
18.12673678876931 1.9932213856695815 -6.303929131768025 0.03572049515939814 0.12849325117291144 0.03657180043435408 0.9903918588324383
18.692550826920968 0.17026513495497805 -6.063352448544807 -0.011455046008701212 0.12682600507443398 0.03351610636756714 0.991292397313606
19.16324790366306 -1.3079983128672528 -5.831829960868685 -0.05550317320114567 0.12676320665648783 0.036089972889146706 0.9897211733915916
18.412799450383268 -1.9060507303483298 -6.818928950160598 -0.0688381527898368 0.15355205097131724 0.03543515729121335 0.9851027489509568
17.78795422464705 -1.718474981110659 -7.624378376435491 -0.0616492412459127 0.17503297869585252 0.03489738271635138 0.9820106924581875
18.123169357842542 -2.019558763765019 -7.662154131780062 -0.06673784223993649 0.17524018411294426 0.03220562981611799 0.9817330266897237
18.371541208809674 -2.2463611777446744 -7.692533525877115 -0.070592328924323 0.1776513901193811 0.030512007722055874 0.9810839536300963
18.352242868688773 -2.3959279401574696 -7.9901859200200285 -0.07036052791438158 0.18524328584806293 0.027739182021092816 0.9797779641023894
18.520458243261075 -2.5208184298820613 -8.097983071280327 -0.07030270684540307 0.1887044718230049 0.025412837880818644 0.9791845277551383
18.307696554529127 -2.576396876205808 -8.524204009706647 -0.06905570800265531 0.19960636753456834 0.024622304810564134 0.9771296481725046
18.204372718881416 -3.110755555539872 -8.84693933574324 -0.08086864712039947 0.20893741022855292 0.025181661438577172 0.9742542298841174
17.92044878427142 -2.5194877061083556 -9.49031217561024 -0.060938351724847246 0.22560573796488514 0.024816609766323546 0.9719941893684778
17.746280235087497 -2.4063005285021113 -9.972856878908564 -0.04631802490056309 0.23975882602355486 0.01772340379843435 0.9695649678442984
17.807256015626972 -2.5495206450450514 -9.95813398633585 -0.058098350802304 0.23913529787772295 0.026420341282235322 0.9688864002087734
17.777775328128193 -2.7329218040901777 -10.010704339177845 -0.075610394177179 0.24390139936733146 0.0413768962248004 0.9659622809084376
17.590601023684815 -2.6344301019623177 -10.38119914143154 -0.07338721506962927 0.2525132337431862 0.044457567232699356 0.9637815666242185
17.462069592114933 -2.6098057872307527 -10.63615805795936 -0.06682719463934121 0.2604410375292452 0.041679701558475314 0.9622719961140521
17.37793585494163 -2.3470207919962958 -10.995414781142214 -0.05303672231505794 0.26762077519023597 0.035494855687904836 0.96140851982513
17.28298004151557 -2.2362091698670152 -11.28883547612009 -0.05120825705261766 0.27402156242276776 0.037284545111588394 0.9596352225886877
17.1667708425359 -2.1793628373993377 -11.559733971846425 -0.05081094752955825 0.2804358310510341 0.03906558918579274 0.9577305842539598
16.945326604917312 -2.1129705870835784 -11.854401796499065 -0.05069196620019232 0.28827991386396334 0.04126829108020529 0.9553124849894216
16.67586644601573 -2.200562366771493 -12.332293565312822 -0.046365496331052636 0.2972259601599657 0.035361428004162705 0.9530249413139553
16.653336624069563 -2.009397960998603 -12.390702604262373 -0.05346774337386076 0.3035499668853291 0.045983015330562316 0.9502021786564857
16.219185618546156 -1.7244401137638448 -12.679474894121833 -0.05066713489996432 0.314648631007514 0.05080096010932056 0.9464926533777731
15.930358442480259 -1.5882948485837929 -12.882513146928282 -0.05254779896058175 0.322365870755127 0.05584884711313349 0.943504043697122
15.867728977725244 -1.5149683377200307 -13.050022374436034 -0.05553601657790269 0.32545883846414553 0.05942816177790334 0.9420512666070395
15.98295199212835 -1.6408238057516638 -13.107785502062303 -0.061737899661445064 0.3253161747121177 0.060724423639201594 0.9416317553002103
15.972749645123509 -1.5766959315958171 -13.218490932152017 -0.07187434940173772 0.32703226417492265 0.07161066452435576 0.9395508974042229
15.78823536654733 -1.4530702091881864 -13.349909258501162 -0.07479038727991259 0.33173742917468235 0.07640115482106723 0.9372937317602741
15.802970237620812 -1.4562887019813837 -13.411039714458683 -0.07435057631640477 0.3331255243397613 0.07498777150517366 0.9369504847960033
15.787189347878533 -1.337228281048561 -13.425928467763406 -0.07378157039842288 0.33442861641894317 0.07623099926953311 0.936430785023657
15.7345028640035 -1.3040293258571474 -13.478732281883374 -0.07389914096935482 0.335967539347417 0.0760669015398911 0.9358838367868919
15.819137403149824 -1.2920047372495038 -13.465496733164814 -0.07891148385907444 0.3346748321827936 0.08055897581424402 0.9355618556965317
15.962889889993347 -1.1636515428847132 -13.37360795193873 -0.07959840027321348 0.331715690363677 0.08348049131934866 0.9363011283820899
15.976015131145962 -1.204382867989615 -13.361396344449506 -0.08019642832374015 0.3307538562413576 0.08330436672396532 0.9366060014490115
16.015483217913967 -1.190572752647828 -13.321443555525596 -0.07781624847435799 0.3294945523430196 0.0817120917424151 0.9373905832217055
15.971965401907223 -1.086602946641596 -13.313270969320389 -0.07676391378386825 0.32903497228174483 0.08424576223542189 0.9374144974884413
16.268328293266716 -1.0054198910990895 -13.119465781811739 -0.07555865438447991 0.32385094657259483 0.0855773164904084 0.9391953881136457
16.138344533653456 -0.9169093376663449 -13.187367824214224 -0.07144182266758776 0.32527230511877786 0.08506620740853502 0.9390728054063634
16.068485008661536 -0.9838779853934384 -13.278052260907653 -0.07111047188736686 0.32638441035614874 0.08450236533878412 0.9387629454322192
16.006267653241245 -1.0394186003167085 -13.32665862492424 -0.06876496014510626 0.3283850793894054 0.08197597163543772 0.9384639364222164
16.073627032719077 -1.0738712043780774 -13.308008299815551 -0.06640486825657062 0.3281044455599898 0.07944229705881616 0.9389498323731774
15.988285673340737 -1.1337610156774116 -13.38159063685512 -0.06698682747838595 0.3306259712066897 0.0796880851381515 0.938002687200324
15.832316054050372 -1.1881114139377749 -13.530777234947447 -0.06403669395393491 0.3348690154997755 0.07625680184157399 0.9369882306937244
15.73646305745812 -1.178295761492869 -13.60618982370141 -0.06310697502213827 0.3381672327212128 0.07618813370801104 0.9358716796117524
15.627464839518387 -1.32641400523942 -13.734914512992688 -0.06272791736812706 0.34199044455028477 0.07265655503735151 0.9347880878728935
15.334083561676609 -1.4471845555544918 -14.035970010020524 -0.06386052856368378 0.35084663688950823 0.07145191442714778 0.9315165560523249
15.268125091518096 -1.7482780180603885 -14.148169842209306 -0.06588110356741729 0.3546543286890079 0.06627549342828604 0.9303158314818284
15.189123483187323 -1.677934363749449 -14.173225238594226 -0.06502740736067876 0.35849670638151165 0.06648050556650717 0.928887447533434
15.17540521257619 -1.7746307795980707 -14.27244034331084 -0.06501236451872998 0.36118529768677565 0.06321255546105235 0.9280747523915746
14.805446927593716 -1.9180132475931981 -14.482701959795428 -0.06788338750976351 0.37017202775402674 0.06255311730605669 0.9243655246080773
14.777949202786923 -2.0203179620848433 -14.621290438862074 -0.07093289462803114 0.37349762236032047 0.06235671748234145 0.9228107554291418
14.584561759498104 -1.9855413561717195 -14.790566691478636 -0.071521485483881 0.3798519437633787 0.06249561095936213 0.9201583975295655
14.355233796572383 -2.091129819287872 -14.945010104194502 -0.07503818556787709 0.3868671997535271 0.0628725928915409 0.9169242485203671
14.169348527187418 -2.1961993290821313 -15.118629512287436 -0.0784565423117275 0.3932294168141683 0.06278828387925528 0.9139326168421692
13.999163905972663 -2.2604244970412335 -15.224210580924527 -0.08174999154157046 0.3993244570239946 0.06395409673948092 0.9109153585354032
13.824727852265939 -2.193883255542425 -15.420608904521087 -0.08273162322455566 0.404968835719634 0.06597827156786666 0.9081864281607775
13.582052884748983 -2.2915205805052405 -15.512351409765138 -0.0871360568341777 0.4118657988363509 0.06795344952694257 0.9045198726648712
13.34408195346595 -2.453748734264177 -15.679889632606297 -0.09267165302230049 0.41877435544782204 0.06945850016513627 0.9006750361257857
13.159678741317084 -2.5102087634778734 -15.77063456363052 -0.09564556780362339 0.42463525659530427 0.07106623879419144 0.8974889491906903
12.974331789607321 -2.3610024322398284 -15.840705958955702 -0.09631218218021964 0.430450039458636 0.07497800334036374 0.894323781473374
12.582867595000812 -2.450814739197941 -15.819934781719342 -0.09967012475390773 0.43914077390599787 0.07829779895088947 0.8894327976886325
12.207806249686874 -2.657835671592502 -15.847392156580863 -0.1076742039288455 0.4478122722221203 0.08454283682743113 0.883585277942498
12.179568125622186 -2.4566296743179143 -16.03768113336266 -0.10353434484812611 0.4505677430026171 0.08267699213447623 0.8828555167036068
11.903834517055436 -2.4386527422080437 -16.18514768654959 -0.10184629143861951 0.4583886843170756 0.08086064340206928 0.8791863871551149
11.708116593902401 -2.138370543514464 -16.27173156186429 -0.10209575082414718 0.4640845675231013 0.08886066323320435 0.8753889160711967
11.77260190096297 -2.0494805464648493 -16.422687124211798 -0.10255481681081194 0.4660592530562769 0.09231324785998546 0.8739276551632102
11.925554531160996 -1.7842403231796689 -16.466117468277698 -0.1014697671034093 0.4661572245950558 0.09713400689800045 0.8734794290799033
11.880357284933403 -1.681811572844453 -16.457029756421843 -0.09871707429443091 0.4688984920531221 0.0967366938385114 0.8723709964563529
11.889636381710115 -1.578781128042549 -16.51454248754989 -0.09724813394594163 0.47088395412511036 0.09803638348178055 0.8713208190473509
11.623275291851249 -1.5320573433310252 -16.63014812044203 -0.09875467457335063 0.47531446712672737 0.10258976288378928 0.8682159939447065
11.44605222171263 -1.455839669640089 -16.708590630520067 -0.09821395632370576 0.4791337261179514 0.10508902417537132 0.8658759658735432
11.411518647864714 -1.4973957613130515 -16.70550056012874 -0.0991790813303452 0.4814619157690874 0.10605542993643877 0.8643553547421489
11.402826075845955 -1.4617701534750476 -16.65708385734891 -0.09894530188719053 0.4832773606821785 0.10755739986484544 0.8631826142948166
11.006096996207924 -1.367570097236892 -16.779494029705454 -0.09757942405291378 0.49103055845418014 0.11088113521682369 0.8585293358521339
10.829906926421584 -1.4747681208804067 -16.809554592734578 -0.09735743577322863 0.4949697167461674 0.11019453494703073 0.8563782304984685
10.797414109010743 -1.3728451370682226 -16.822978044045723 -0.09563837808149933 0.4969206841034299 0.11139553236464067 0.8552860163227958
10.716353065019538 -1.3774281356970552 -16.804666626823657 -0.09412629530934834 0.49948949970279655 0.11113463201910008 0.8539903827233457
10.626678285802848 -1.352474681418009 -16.81085363207916 -0.09259040519310159 0.5022203432388663 0.11133322649038631 0.8525295633480712
10.46347262757384 -1.3835750427260112 -16.837981347306712 -0.0915862330854198 0.5057759053179433 0.11120416464593952 0.8505506035941875
10.473356814826836 -1.3999981395608752 -16.75133139472967 -0.08959694996313343 0.5075121974877694 0.11017637045593993 0.8498617083688349
10.345667966133677 -1.3681843375990141 -16.743768915528758 -0.08762382813866715 0.5105347824336561 0.11017161195204088 0.848256162127711
10.298296651160513 -1.3978907265688216 -16.720623029037547 -0.08557549568362022 0.5129079187105802 0.10875188182016338 0.847216223677909
10.194703397962105 -1.4004291024971736 -16.681097236331194 -0.0835119163729285 0.5158481875357114 0.10856434740994482 0.8456596181155248
10.134130192737304 -1.3985139256197487 -16.591482623889142 -0.08102407971940756 0.5186215122965435 0.10815858051791263 0.8442562093045093
10.105194306847679 -1.409675307213121 -16.815279214492143 -0.07898201262361372 0.5208843699436867 0.10814207139025793 0.8430578907914428
9.840776123528238 -1.256485796788867 -16.42509652393022 -0.07322621253676687 0.5279549622897737 0.11088686053656431 0.8388120073958577
9.732418765177854 -1.2091108249825797 -16.37361615191983 -0.07144092891338895 0.5310422378118933 0.11307824423940847 0.8367219645828962
9.610601854588579 -1.1309368293750126 -16.29970248748279 -0.06822415964355674 0.5342462790537247 0.11405627503174538 0.8348158740010058
9.478393813485988 -1.0589478488721558 -16.27707636215821 -0.06670712995794643 0.5374568646946725 0.11652945311898817 0.83253298070475
9.324252438358831 -1.0221429145216507 -16.294368235285788 -0.06492855411954845 0.5410304612533353 0.11784781897865443 0.8301699912776433
9.304731107153886 -0.9961547978822638 -16.194856782649357 -0.06432549448626065 0.5429607536640374 0.1202923572559281 0.8286046098867003
9.137898321589528 -0.9013549733580721 -16.124757622992643 -0.06223172957188491 0.5467298217437575 0.12220943660713098 0.8260015541478712
9.000522481017248 -0.8606358084669123 -16.108727854772695 -0.061313156028938415 0.5498953835901764 0.1243232688039953 0.8236501009760598
8.93302067328784 -0.8403253569291875 -16.01030469178534 -0.060892626817892086 0.5523681323424946 0.12668488589531018 0.8216644534464014
8.82286080991102 -0.7624254370148035 -15.94976044855146 -0.059460334776851406 0.5552342353605096 0.1286925931908205 0.8195228056190242
8.74647125448737 -0.7149290048228848 -15.8553258949157 -0.05905629390074608 0.5575672435852319 0.13157991907731184 0.817507093502609
8.663948681024339 -0.6929493636079955 -15.745886207689692 -0.05895829592898884 0.5598847498179137 0.1344748462375253 0.8154566217720449
8.552283457060696 -0.5402063543553531 -15.543559595521149 -0.05637963791206014 0.5634375238866086 0.13995573576280984 0.8122634333346066
8.484441710738682 -0.48411559738231047 -15.488783520504557 -0.05611216133795163 0.5648017036727558 0.14384578855423077 0.8106533476113866
8.459020875039153 -0.4087818087730644 -15.34524737423883 -0.05516664366078927 0.565650887631924 0.14759735390178097 0.8094508853967685
8.455327161517241 -0.25212091051778496 -15.22041920925043 -0.05254407618504553 0.5658487907111346 0.1509999408967069 0.808859248545628
8.42294072113887 -0.1944712144444061 -15.113205549855634 -0.051246362901204386 0.5661737667236794 0.15452766777549318 0.8080484367011582
8.391584281680252 -0.05180187657126988 -15.051846495626089 -0.04831349552448693 0.5664467385674754 0.1575863143173041 0.8074468725906142
8.367613762210434 0.027684906293951015 -14.965328553512327 -0.04536061183258918 0.567142963342631 0.15928247902072987 0.8067963596237423
8.2867754615428 0.0903962613854307 -14.917573067197182 -0.04271436601319432 0.5685914135698509 0.1607095604162393 0.8056374647082575
8.394523954129795 0.049840992671284404 -14.640017358575438 -0.04108391309177154 0.5694788710486589 0.16137640191671704 0.804961852772308
8.217445030530705 0.1254584263990712 -14.677602815211364 -0.0383905043653699 0.5722884677119722 0.16201974001640532 0.802970536659641
8.152344159269095 0.07019630554274954 -14.546525023885398 -0.03781485358897402 0.5748311601632865 0.16332704045345076 0.8009141352292962
7.959529022344574 0.08281075767855539 -14.506518489724138 -0.03446925776058993 0.578557543419504 0.16199849921819293 0.7986485619300118
7.846208962873311 0.04977872465715828 -14.436883053992027 -0.03272390978983733 0.5816321432398498 0.1612048752944402 0.7966468376009469
7.627235190725127 -0.08435804976241193 -14.363929367253004 -0.03257781047866078 0.5871092853253315 0.16002419288398934 0.7928641945762356
7.538794066460222 -0.17334313084546604 -14.251557811548155 -0.033107663763772104 0.5894863231220357 0.15840523349822164 0.7914022614653953
7.570974504482665 -0.3407859556402131 -14.166443263787889 -0.03487174521689993 0.5908983907704152 0.1559317250488733 0.7907644088435848
7.523387046883639 -0.48952901371723273 -14.114129229940795 -0.03711924982752728 0.5926825451019923 0.15379166021120005 0.7897453306434609
7.528587818511178 -0.6032282616817781 -14.009449226591046 -0.038514228887717265 0.594363205945642 0.15070931476407512 0.7890093383696709
7.499057639247587 -0.7133640459757167 -13.879591132875671 -0.040690130299911864 0.5964912308515169 0.14873375865024663 0.7876679464413852
7.435724135546407 -0.7666049405909272 -13.862621778222048 -0.041306784049472835 0.5991710231653387 0.1456859816388427 0.7861701020418024
7.473621022057884 -0.9131780077309312 -13.557531757660643 -0.04392458693694972 0.6014114601849312 0.1444739316419586 0.7845394631862453
7.391542510802424 -1.028974310240443 -13.439827723734387 -0.04587914844206357 0.6045500012294547 0.14316082843990938 0.7822527577145998
7.324848822346024 -1.0932905876784902 -13.264276073815155 -0.04733805521911858 0.6077675536696907 0.1422006860336926 0.7798440062768826
7.197640564462756 -1.1522626354282341 -13.151713200141774 -0.04953882673066016 0.6109467180147043 0.1424886223326992 0.7771660085843567
7.031392167883811 -1.2445279374454483 -12.829000786788033 -0.052184526870842816 0.617354780354317 0.14198487590855613 0.7720039801336334
6.978370687384249 -1.28349886812552 -12.58258408751921 -0.053412642038597045 0.6206771081854314 0.14215813257623625 0.769219138079302
7.057622944807268 -1.2678211632710978 -12.278343653646175 -0.05480842583398725 0.6230202978093202 0.14354902417465573 0.7669650726295758
6.936902946896646 -1.283001688671547 -12.096865374679261 -0.0558397665645988 0.626380167903911 0.14481431684755477 0.7639100859149953
6.890721186916746 -1.3633281567297393 -11.821988800505784 -0.05725962452432503 0.6292607039381597 0.1462670679011464 0.761155862308231
6.809327219618212 -1.3398444059046162 -11.650312309878634 -0.058323520865585086 0.6321722632699464 0.14866702286816538 0.7581917387953472
6.792544804190123 -1.404168011996099 -11.405812193939528 -0.05899452192755824 0.6347796390279871 0.15034596948238446 0.7556259297552191
6.789315469147625 -1.4351339954324212 -11.142805192804891 -0.05963830621467792 0.6369105897254488 0.15281655236418026 0.7532829975852046
6.76609115274084 -1.3538002852024311 -10.88249404625427 -0.058613309270434774 0.6389103769289924 0.15496872968812483 0.7512274642527855
6.804386487807003 -1.392132418614691 -10.51924158559097 -0.058353971078802365 0.6406091912663106 0.15719309722968206 0.749336378609632
6.766490619621418 -1.3776293852498451 -10.285786410107967 -0.057460384795476306 0.642418960444705 0.1598245179070154 0.7472966659340121
6.6452540490662475 -1.2638587254029692 -10.340930827499461 -0.05562225498107846 0.6443211205911471 0.16199839878604919 0.7453274294575135
6.695490752031662 -1.2902285984428359 -9.889725342299108 -0.054068705988545254 0.6458599201799452 0.16306124505325834 0.7438767161966829
6.606201387907821 -1.3297116569983625 -9.626341455716371 -0.052717601711372394 0.6482448416862849 0.16447863201330137 0.7415836158572797
6.6275340563696465 -1.2669770521411243 -9.381369340106273 -0.050262724111707534 0.6501376508367493 0.16569055815590988 0.7398252039957319
6.603280806853492 -1.3981673980793212 -9.152868437409337 -0.04893612806456355 0.6528737589647697 0.16596002205416058 0.7374404255972433
6.574588550598544 -1.3003699911897282 -8.995388369352378 -0.04655853441950108 0.6553849675918509 0.1681940484310124 0.7348561826641475
6.421825025949271 -1.2053180531640917 -8.377696777497382 -0.04159492900976282 0.661861579254669 0.17000401651105373 0.7289085993163326
6.450470833397386 -1.3335071018657003 -8.160668579311194 -0.04032135260490504 0.6648260081896618 0.170726493836267 0.7261081404729505
6.410010642394456 -1.377633452731752 -7.881987644100097 -0.03911150454865257 0.6679426008776866 0.17201693009659488 0.72300286853154
6.458576367104306 -1.5177211387833982 -7.627229336256801 -0.03823366638141593 0.6705803480746808 0.17310471623653617 0.7203436268530062
6.367137866448453 -1.5896033805512755 -7.3978017112553 -0.03675463704205252 0.6735191914683727 0.1735106644380637 0.7175758111209982
6.391839970189916 -1.6847669169087618 -7.327158832465352 -0.03635456044746732 0.6757622517229136 0.17442362172350875 0.7152622772563247
6.2930191014213985 -1.632083249243815 -7.105352958061499 -0.03428559921871229 0.6784925543898863 0.17439478381512685 0.7127824427563971
6.185373843126795 -1.6558806212159851 -6.876092544119819 -0.0330891952925909 0.6812059140255105 0.1744621477865422 0.7102299394148803
6.311131512765078 -1.7955029055682448 -6.6537928938050825 -0.033724568507937966 0.6834499289660049 0.1750209271578934 0.707902905158686
6.253841402930137 -1.7829235450192165 -6.35246652264971 -0.03246938615869 0.6863933971298439 0.17455182038161798 0.7052244361481624
6.2028830036342395 -1.7965411028397646 -6.087879641966119 -0.03203548032786274 0.6892290011108765 0.17495365604865734 0.7023733553197152
6.214714364712936 -1.8877902389975407 -5.7195194894665615 -0.03230871091100796 0.6916152621723015 0.17558625696529467 0.6998528007335009
6.20860494408134 -2.01856151465616 -5.139047793409362 -0.032747367192787605 0.696733185702875 0.1767750140501785 0.6944357942170197
6.158505876118162 -2.075357826084511 -4.9989777235785855 -0.0333693555436881 0.6992244747976734 0.17823932911566404 0.6915217722609427
6.297871594356037 -2.024784524328067 -4.564392686580766 -0.03332487829841551 0.7012816166912084 0.17919299655045223 0.6891904066109966
6.314564709270218 -2.047812417480231 -4.2124974283590895 -0.0333010541756467 0.703437837939441 0.1799301016911034 0.686797937133845
6.425646732690597 -2.1541552074200725 -3.9238771294586083 -0.034328630338108415 0.705254519921528 0.1811454548775579 0.6845611232363167
6.278899204222983 -2.159694157025414 -3.5951462793950584 -0.034198373931418155 0.707770393532663 0.18256302573444516 0.681588059529912
6.288934795920929 -2.1303956537140274 -3.3193614966633227 -0.03403081044729821 0.7096947530807101 0.18397812219495865 0.6792108008149069
6.331377206537217 -2.0144636487053758 -3.0536821860240693 -0.03266858548314243 0.7113292000783171 0.1845697226256412 0.6774050118860696
6.527857738232382 -2.1134442794131845 -2.4247336720722577 -0.0332917920095941 0.7126208911671822 0.18640343868263434 0.6755123093653961
6.4102639775171175 -2.2403003131179164 -2.1406536403111223 -0.0332687659269948 0.7148310598717674 0.18748365106678122 0.6728741528985714
6.6255770234704565 -2.167454247344248 -1.6682876019066875 -0.03172900769253019 0.7164259574565652 0.18808064591728618 0.671083294520604
6.546356669541455 -2.2490132267052467 -0.8481836197252143 -0.0294535427271107 0.7208348071240641 0.1897980208773439 0.6659627474042968
6.717077419926443 -2.489126142432783 -0.6137269954655958 -0.02878335002305121 0.7228963065453752 0.1901765080773505 0.6636454961197363
6.739691169446346 -2.4077676689653766 -0.19327211703473235 -0.026087668518561632 0.7252544462965563 0.1903109315987094 0.6611408102608498
6.755509354970115 -2.4593027355848935 0.2885502843693114 -0.02410611420479675 0.7276130839485961 0.19056748591127531 0.6585454643668988
6.9089246975067296 -2.510565561902148 0.6311298428196755 -0.02249415403479301 0.729729425074889 0.19120831662841978 0.65607039170066
6.813813823617161 -2.6546030618841985 1.1763388596635354 -0.021123284127443433 0.7324987197099883 0.19185707042307304 0.6528325183533488
6.8823794347987945 -2.6861733009411273 1.3597793272680072 -0.019380201829973097 0.7347889798676951 0.19212164828632552 0.6502298325221377
6.944311258525064 -2.620330054688759 1.8666421226683396 -0.016963945712253597 0.7372545271907682 0.1919692446658291 0.647545979668641
6.898479824306037 -2.719578497674744 1.9511780440529207 -0.016220826660036613 0.7399944305975735 0.19236652035797555 0.6443137817185062
6.77303358544359 -2.7903168613979727 2.400678116391226 -0.015390496871572916 0.7430996045996964 0.19260933225871618 0.6406775752097721
6.908047724292744 -2.7288790842660244 2.729628285764962 -0.01459051810416757 0.7455250260639997 0.19303097968207214 0.6377449279897914
6.8311675293580265 -2.800630090497652 3.037328982429224 -0.014706321396274105 0.7482248431397832 0.19356056156924864 0.6344112366788862
6.983467672935529 -2.816902506139113 3.5572270439597538 -0.015502693855830613 0.7506406287146793 0.1949959198332047 0.6310902504828023
7.142885019458506 -3.0898734312039395 4.097816827272678 -0.016245431138324124 0.7532295111382608 0.1954535885734818 0.6278369885816664
7.329011011864202 -3.1448103020397844 5.200703693818348 -0.01681591902405648 0.7574862102492551 0.19767433349603564 0.6219780735898144
7.441446588692056 -3.210077822165553 5.515882946418105 -0.01623729010133888 0.7594411746173954 0.1977064729902177 0.6195947088570758
7.672782909065529 -2.961033790529868 6.264689153990968 -0.01490082855021653 0.7605376648293948 0.1988883665704596 0.6179027782162039
7.887507479095051 -3.3712347210613913 6.961592217351354 -0.017069041958834182 0.7615298633744298 0.20158782752066431 0.6157461025382367
7.729872964908435 -3.2884737363786427 7.571709206772399 -0.015373414408126776 0.7632386062871953 0.20289540067439008 0.6132405273523557
8.035427965480949 -3.5543660218536486 8.203813298400146 -0.015269277468549208 0.7637848908193312 0.2034575690475762 0.6123761158952417
8.208634984947807 -3.582543303569635 8.69268502594531 -0.014594926483529886 0.7642118489806834 0.20524485969684172 0.6112624522792887
8.378204971262413 -3.3440501577795625 8.902391933308527 -0.011719519870351712 0.7647562003963284 0.20499164865527592 0.6107282790169224
7.936532008586226 -3.7290656208859803 9.040432655311706 -0.012285596891636049 0.7666438128371396 0.20681757733687262 0.6077275853966615
7.814674597348089 -3.9202929413130474 9.6647368736686 -0.0123633074523903 0.7682929102590222 0.20751327606302566 0.6054018441763701
7.669532329198951 -3.621892150872348 9.994233831792089 -0.00890948716224261 0.7700817980788761 0.20664081720346944 0.6034850602720782
8.21680727600005 -3.781078482441338 10.573430195793234 -0.008190184537203457 0.7713868641345845 0.20539088618422147 0.6022539419466834
8.056762052009429 -3.672377023186258 10.82367816292524 -0.0069396506291549975 0.7734424594719768 0.2056626293672706 0.5995343910209208
8.453201670833842 -3.8149929501499638 11.903375461199149 -0.006438184350028518 0.7778256435218034 0.20500307638825904 0.5940703297872385
8.624083812557624 -3.7722168089221557 11.94467685366771 -0.005486774713387889 0.7800301138971061 0.20403890706241995 0.5915158840823184
8.959206155470712 -3.632434402688062 13.424277328186681 -0.00436427110336569 0.7823085026419577 0.2027937539012163 0.5889389214600173
8.899737078545767 -3.5865257697347523 13.22323728007999 -0.0060066028618631735 0.7843449899862319 0.20352342708038776 0.5859565444937125
8.850425619929977 -3.8443519452994703 14.007833987757149 -0.00723751228325116 0.7871467188344619 0.20347042745049662 0.5821919327826534
9.457156703401404 -4.009809348538665 15.02794845142336 -0.009264726917802361 0.7886831950079878 0.20402407649517387 0.5798854705520937
9.345617896708896 -3.938714084796937 15.111344633501265 -0.009015740304338245 0.7909735154176609 0.20333151157054624 0.5770059884758817
9.247844942727106 -3.941264829596632 13.872047976426806 -0.011114094144347908 0.792686897612756 0.20501613135569574 0.5740142377575306
9.396499214564908 -3.6122230231421395 15.596217307633456 -0.00791833787561656 0.7947469267522285 0.20257113150990902 0.5720835245154087
9.439473338148732 -3.7916174855275777 16.393559168186027 -0.009045054243756288 0.79691076207382 0.20330134808941525 0.5687881733560207
9.64363161568576 -3.978904459874323 16.88845698081841 -0.009282798434075907 0.79896000074204 0.2028721193913854 0.5660562251589143
10.235420348639321 -4.1606309499197955 17.140030142407614 -0.010092942833735989 0.8002625038585001 0.20374007004183117 0.5638865500102211
10.63001773140777 -4.349728893546548 18.09483501700908 -0.010847674396971242 0.8020233567397651 0.2043162034318947 0.5611557290264746
10.33072871138872 -3.8923207805157842 18.158361504024246 -0.008513538362157808 0.8040838493811853 0.20414657145658946 0.5583017644530697
11.1690583861965 -4.252562165819593 19.54051794755983 -0.009100176961256017 0.8076116282103739 0.20575026182525133 0.5525825499574736
12.125221651446532 -4.61003802747886 19.455160889704562 -0.010023888016356806 0.8085848149292262 0.20679769719562793 0.5507493360590557
12.085018407287382 -4.31973199211318 19.926165009935193 -0.008589803915044839 0.8105360885984652 0.20755351936728292 0.5476120898468709
11.438961652207364 -4.785598049841517 20.426761856977755 -0.007773213219449796 0.8136457389154402 0.20625709967199818 0.5434870720963729
10.11288697915614 -4.972659091933608 20.926793587128742 -0.006728125775369127 0.8178861529249211 0.2064028889230409 0.5370426618262725
11.620408796354951 -3.9696627728595546 19.059155837777396 -0.002552251796863237 0.81571729735709 0.20516650925366786 0.5408377578201021
12.529622263921318 -5.260663418847486 20.1215947916478 -0.0064430263324526645 0.8180765656649155 0.20464373828502644 0.5374292144108903
12.600801022917086 -4.68299892726605 21.148589094010237 -0.006411309980673078 0.8203082380168711 0.2084768471266049 0.5325323407626424
12.005066539591207 -4.428783713308151 20.745220669070573 -0.0053774234572487 0.822704105430516 0.2084822028253012 0.5288328746682135
12.630214709823324 -6.499886157633324 22.141214887913634 -0.008075746257399869 0.8251270338215523 0.20555072831428792 0.5261644785318553
11.193117959799752 -7.0896332040303 23.083153673116943 -0.009224701756374921 0.8297165510496399 0.20611632245680545 0.5186534598445097
11.94571683320224 -6.643903993922284 24.842843824921413 -0.007775706660370708 0.8318732207667925 0.20733266851979584 0.5147228842022441
13.91086759110856 -3.754390515213806 23.851528526927503 -0.0005293407128202331 0.8311192617673461 0.2056318153523858 0.5166778967912162
13.276345122504965 -4.500267235963453 21.409173580450208 0.009601120373026501 0.8337015519150033 0.19063902694008839 0.5181759375245402
13.20089677217757 -3.3989651866958774 19.70104238583943 0.020072443378695043 0.8357187885008164 0.18053399640297965 0.5182457715276669
13.166607632559863 -1.287699412425328 20.237646060855898 0.02629989143122649 0.8370218922520687 0.17786490789065093 0.5167850057253246
12.360629213411116 0.3057384196839646 23.244611668825577 0.0274142466887203 0.840267013551354 0.1799428013709855 0.5107057795352848
11.054187318690404 0.439897501145672 26.825565705017265 0.025702829512647917 0.8445354104558801 0.1813901930568191 0.5031867475440632
11.090385764035695 -0.37223649905509676 29.79076181174458 0.02429387942995584 0.8475211442588414 0.18152421018561868 0.49816330512485
11.090385764035695 -0.37223649905509615 29.790761811744584 0.02429387942995587 0.8475211442588415 0.1815242101856187 0.4981633051248503
