0.0 0.0 0.0 0.0 0.0 0.0 1.0
-0.8930275136022631 -0.08701010115522713 0.4415100250801983 -0.0006900482167303455 0.005632045828915038 0.0011962771655828874 0.9999831862657406
0.38432209055456523 0.09286094351009096 0.19206224558406282 0.0021597921591753216 -0.002238111354720292 0.002269117372494012 0.999992588603407
0.40344984943638534 0.08075514335334256 0.2575966317148338 0.0024206568029389343 -1.830638700715442e-05 0.004091745609782015 0.9999886987878329
0.4309971544963339 0.0657403143828269 0.3228377434750678 0.003399541243453616 0.001612653612947352 0.005602683485080047 0.9999772259433836
0.46513880463818363 0.010928013343047199 0.3886128518351394 0.003872030428743651 0.0027109435511718668 0.006765338099772668 0.9999659436029894
0.5411527139311042 0.013399857046391328 0.4436913194699645 0.005952207122436942 0.0026435119019708837 0.007191049445210082 0.9999529348339712
0.6021362644940914 0.010139018761081538 0.48637140560612985 0.008068890798898644 0.003015519895806564 0.007515556891330857 0.9999346558878969
0.7041818978451359 -0.025685055027574233 0.547620214174242 0.009325722895626616 0.0025357983432367087 0.0071892105884066885 0.9999274553038096
0.779790249537345 -0.06739369342808173 0.6010736630756736 0.010364738934635213 0.002880105143250704 0.007021443750423683 0.9999174848500452
0.8996827166220015 -0.09733143385748796 0.6371955832401163 0.011648065674038144 0.0023153220465763416 0.005950097942649705 0.9999117752003658
1.024055859605681 -0.15135022637824103 0.6801950804180974 0.012208587529171719 0.0019123212477718929 0.0046480899819868055 0.9999128405403679
1.0551531073704703 -0.1709993780962616 0.7080713081733779 0.013413018251424831 0.0036424115485317403 0.004117092387972759 0.9998949311451514
1.2940776581814377 -0.208875998878646 0.7191169859103557 0.013817189213646027 0.00042694538401141503 0.002621009942876169 0.99990101175404
1.3874147689034158 -0.2531370670828377 0.7423311741169001 0.014076434872082011 0.0009852926157286662 0.001240348125076627 0.9998996673248182
1.7794462616230873 -0.3351800617928492 0.7458920686940063 0.013154495126894308 -0.002733512525061036 -0.0022165908878240574 0.9999072826477802
1.9143867587629815 -0.3730939161818909 0.7452863241566542 0.011972527812134613 -0.0029288278632531362 -0.0034434052215816307 0.9999181083996904
2.032736743777924 -0.39454709222794454 0.7466924634113203 0.010579971188682012 -0.0026298488741126154 -0.004733479263394982 0.9999293686449103
2.3442461978650613 -0.33246390949314114 0.7034914669839881 0.010553478070986935 -0.0065358462090483495 -0.0062589520250807985 0.9999033614977423
2.5440030014077 -0.3974775481117447 0.7051632561243059 0.007015913490241117 -0.007687577527395083 -0.007752240738271176 0.999915786890673
2.730080470106705 -0.35100955052179794 0.7052263222233778 0.005530429767209814 -0.008138914289268604 -0.008496525067274286 0.9999154871700724
2.830795062345947 -0.3412002298230313 0.7109170491568457 0.0030411695000578153 -0.006383883006846056 -0.00903271365559842 0.9999342015402027
2.9490235725749856 -0.29270761694302944 0.6664439003552062 0.001363029246080042 -0.0055367198419110876 -0.009125568832973637 0.9999421037630835
3.1203591207489385 -0.3041869811738605 0.6582641521293252 -0.0018146781443540384 -0.0057121005861427805 -0.009343686035172171 0.9999383852925151
3.256069056563962 -0.2909283873521168 0.668234167565578 -0.004428311476015578 -0.004899584714018814 -0.009708072100448908 0.9999310663556733
3.360538053739546 -0.25873060325970304 0.6782253442856065 -0.006622269077233816 -0.0034470336356884736 -0.009208427513199184 0.999929731718243
3.4628952238649484 -0.12473483267151303 0.6496587582289949 -0.006370313969831757 -0.0021415296479300404 -0.007984849846217484 0.9999455360786538
3.594297261819698 -0.09795997681598537 0.6560928622873196 -0.0084732778814935 -0.0015225443953348575 -0.006962760157301724 0.9999387008169547
3.7010084098359712 -0.02682893126429462 0.6727666202803307 -0.011714580683734738 0.00284464883031811 -0.004358242894763751 0.9999178377703374
3.8203174258657 0.007988927879002386 0.6845813011164364 -0.013187205499249522 0.0032204152169573487 -0.0026307615451030978 0.9999043982454742
3.917690895329868 0.07486861685894756 0.6852980368734154 -0.013383055006154058 0.0035352320630545326 -0.0009945657459225498 0.9999036987690062
3.9602646992894384 0.11401001138755408 0.70413880989794 -0.01401951955925569 0.00525896204978417 0.0005243746324047263 0.9998877544108296
4.180015659878548 0.14116229538505481 0.7345765534426633 -0.014509833852310533 0.0026188579563943366 0.0011753381871223863 0.9998906064588908
4.263194076065446 0.15311059863437063 0.7586824922282684 -0.015021346542582211 0.0028031935157551814 0.002399935168825838 0.9998803636262421
4.330070362776009 0.20955372327019092 0.7834781891173351 -0.013921610226552913 0.002996163475940693 0.003378757720211162 0.9998928921486508
4.394575902262994 0.1941656832396309 0.793041382519544 -0.014323419700909652 0.0030925994396550738 0.00405743147701945 0.9998843996815765
4.5359359141736775 0.18726373499433763 0.8291881975657515 -0.013744557866075705 0.0011917842709568112 0.004603035624501604 0.999894233827937
4.606893191527184 0.2001326963587477 0.8578132661797061 -0.012021106316969827 0.0007907248197440226 0.005292684694043736 0.9999134238752398
4.669600237410924 0.16897584024719023 0.8762648017838902 -0.010880455596119477 0.0005298932622178752 0.0055463695474954845 0.9999252835507232
4.792001156485431 0.13358986173764592 0.908241273697459 -0.006840526956749604 -0.00019987138902966833 0.005683976366108391 0.9999604290445954
4.881806575890492 0.10506567105402562 0.9142476479752278 -0.004847352412143767 -0.0012619618869244415 0.005544508211964582 0.9999720841380902
4.905557577189849 0.0746502235406175 0.9093694315585109 -0.0026946968432035217 -0.00042823661107579085 0.005724910765580825 0.9999798901073232
5.073935280864057 -0.019776900260244434 0.9517577747958534 -0.0017735172763126614 -0.002667925432058858 0.004875957750871574 0.9999829807783587
5.161639242714109 -0.12424112323485943 0.9408271703139734 -0.0010436781796111661 -0.0025679724492661633 0.004408433087591773 0.99998644089361
5.3006143476514485 -0.19245704971253738 0.9306040405299917 0.0005827682852867622 -0.0031044844295489283 0.004321423339606284 0.9999856738263165
5.357865956252938 -0.3195602498227022 0.8817105142643161 0.0007179832248891459 -0.001203695459871321 0.003867498360603891 0.9999915390010854
5.554232941795058 -0.42857519837213587 0.8855408994477896 0.0009315369218802246 -0.0025303053316429918 0.0034819376242300496 0.9999903029051196
5.7986818735866565 -0.5418750759306488 0.8809421703647933 0.0008178586513771611 -0.004601014462457098 0.002627573508449579 0.9999856287120332
5.9275749292847815 -0.5699855951711694 0.8464063870832403 0.0023183389101968667 -0.004150912471042328 0.0022238953282342467 0.9999862246650822
6.101490000409996 -0.6777764172508619 0.808729437980815 0.0013997400503054482 -0.0044362058312634985 0.0009634886979096005 0.9999887161839094
6.330466007991977 -0.7120227082875108 0.7688730949927683 0.0020434513180977933 -0.005383174580268698 -2.8417963644421833e-05 0.9999834223278745
6.44233770151916 -0.7578543788620129 0.7187415894042071 0.002184587542790702 -0.003078059398203115 -0.00038423522141992734 0.9999928027195514
6.6285396333293045 -0.862992015258208 0.6829055841871317 0.0007528073652150133 -0.002421490122420657 -0.000565760057908896 0.9999966247854114
6.880749730780727 -0.9209306174626739 0.6333321484441639 0.0007168102503165853 -0.002864716792961321 -0.0015776037731683487 0.9999943953578421
7.302095915645614 -0.8147627830525584 0.6342023575617759 0.0042951150704318986 -0.006237824783301224 4.2313947172443043e-05 0.9999713194577304
7.857125083782329 -0.7058600112930046 0.6635795917943552 0.006997163385381409 -0.012038123223411558 0.002956009946232193 0.9998986875173975
8.265797939316464 -0.6048937031883561 0.6950810850957655 0.010614390679513964 -0.013661815315825629 0.0033500412329232365 0.9998447213125229
8.149006088465088 -0.9521640417211547 0.3960114347870629 0.0024459206437998154 -0.0012622883137103187 0.0016862461083828213 0.9999947903236693
8.122406037586757 -0.9607119428248724 0.2343539828140615 0.0022316385106925566 0.00706478123198739 0.002799215482201519 0.9999686360323438
8.431525955760415 -1.05216587376323 0.19980601542787843 -0.0004714937883292402 0.006269127434432729 0.0039546806352992485 0.999972417737555
8.703637297523159 -1.0280460398881326 0.1260066127473505 1.2705614937153835e-05 0.00695549302586808 0.004850096625520744 0.9999640481127596
8.875278737433076 -1.067106355671252 0.04150055880281829 -0.0015264255560749854 0.010962051250263904 0.00606775332822491 0.9999203397405996
9.171843222994 -0.9878793090442548 -0.047912985938913515 -2.7853274603805656e-05 0.011951143639559113 0.007438142845843397 0.9999009168017132
9.291779013757266 -0.980808086800577 -0.1819810612046166 -0.0007018743560819759 0.018381459296039494 0.008991902886047915 0.9997903655312068
9.588035499484043 -0.8710011622967389 -0.2527775699401366 0.0018428056344872944 0.020516964090810073 0.010555384393200548 0.999732085166922
9.88195791352283 -0.9426867445120672 -0.3501513156649257 0.0001491056222569826 0.023254345505735723 0.011402570825272513 0.9996645410142284
10.475057810632109 -0.9320260724722881 -0.3603165428962901 2.5950273932652885e-05 0.019792274434239268 0.014868748531970163 0.99969354580111
11.496387922807008 -0.6973815128021303 -0.12981260932788502 0.006664817198395168 0.006908099534014102 0.017325362543364704 0.9998038258504921
11.918496793410934 -0.6102927990322277 -0.3213821798470125 0.011168943095633497 0.009935787412492436 0.016032809490089544 0.9997597130603307
12.38185830751873 -0.7127214505773461 -0.39068623519514845 0.01090084690669397 0.01009923998943165 0.013348909747169338 0.9998004718427146
12.940133593366713 -0.9077868222821819 -0.3853502454538143 0.007557478370565642 0.004631260214616008 0.01099709949829841 0.9999002449005238
13.120454639590243 -0.8376115220849756 -0.5025997540830645 0.010194450035536762 0.00860796126062031 0.010664835791578517 0.9998541080922493
12.81398479808525 -0.877533672939743 -0.8603743028433665 0.010173750714096708 0.024608690403228432 0.008890702021803781 0.999605853609614
12.523799124210356 -0.9498229651641161 -1.2233593804290572 0.008836686431784046 0.03957770143327734 0.006751598090918759 0.9991546098804646
12.70333783362233 -0.9725756236220577 -1.3797579049242226 0.007205219360394168 0.04259387375868343 0.0066062859237936535 0.999044645508143
12.92256994414741 -1.0321254523674424 -1.537227324655721 0.004963156039022965 0.044497640079698766 0.0049289450690209605 0.9989850011936998
13.357016494625787 -0.7863695479949524 -1.6184026613940192 0.006493209084000214 0.04194521946406988 0.006264339638703319 0.9990791734636417
13.704516962462156 -0.8584145002652682 -1.6261670778067554 0.003160701487413167 0.04165658342379961 0.004477774113690989 0.9991169543965062
13.68219157128002 -0.8827625227761966 -1.8992336741278568 0.00014673379668057846 0.048932180659543155 0.003925325114627331 0.9987943792332029
13.676667450317504 -0.886268561906671 -2.1169490736533834 -0.0025152615816031393 0.05512103656497795 0.0042967839111700545 0.9984672665817339
13.661646325761904 -0.8355424837281794 -2.3364413321394535 -0.0038997027921331513 0.06093796941426924 0.005187754996143898 0.9981204553559148
13.636740587331541 -0.8571909728481599 -2.530469669008574 -0.007094909778682822 0.06644934872212531 0.00568375861337553 0.9977483857153879
13.592556262911952 -0.8505686758160517 -2.7134526453345327 -0.009544274854742796 0.07211371987198385 0.006233309451155649 0.9973312709812163
13.615215129577184 -0.8271836079961125 -2.835105251342071 -0.011549721186694676 0.07563693425416172 0.0074034383170266385 0.9970410459044438
13.599182573466523 -0.816320776529968 -2.9910922079538835 -0.013739407552550341 0.07988371970132135 0.008278346509259795 0.9966751170696789
13.607536378775563 -0.7733569138012554 -3.09552560602784 -0.015585800650418893 0.0831307606779356 0.010155419342431925 0.9963650068650406
13.592870944435726 -0.7546276545013116 -3.2260184877002938 -0.017340211002278755 0.08647034924213011 0.011299143324389792 0.996039419473183
13.584467281291996 -0.7152874379305801 -3.338565675507028 -0.018621740768965746 0.0895690302518755 0.01301356463916369 0.9957214804983642
13.605603712188664 -0.6653640717595894 -3.41373334558596 -0.019229013055257562 0.09153423354385494 0.014892809115512053 0.9955048635657732
13.58587599085581 -0.6345796778864132 -3.49527381262613 -0.01980069711749821 0.09402695756500747 0.016569703784981748 0.9952348007185076
13.619950541603544 -0.5996243833661847 -3.5401422781466714 -0.019843898559885345 0.09474830950678712 0.018287354188241282 0.9951354431494965
13.621780248802331 -0.48349455737178343 -3.6446932797440144 -0.017531046747336927 0.09640413505058053 0.022110357677622938 0.9949422280858622
13.659412503460334 -0.47949287633200854 -3.6526263389576235 -0.015561395417763054 0.09557378021952642 0.022023967040410698 0.9950570035847216
13.665119427768028 -0.45324558035518575 -3.6693389053114998 -0.013288309435257176 0.09541885080365635 0.02261410741575895 0.9950915866840856
13.677045365012376 -0.4335284472142314 -3.7005516370212406 -0.010823297800934188 0.095263984565261 0.02289443743441163 0.9951298780581476
13.719606185716419 -0.4175269518579544 -3.7241055937297767 -0.008192626122824856 0.09449215079625765 0.022546791092836412 0.9952365329541139
13.7042546146224 -0.4328314210502085 -3.793899152776472 -0.006333979175304983 0.09570222355679918 0.02184613560511403 0.995150094947096
13.705129583169658 -0.44370657301318206 -3.854849390402992 -0.004671592747249192 0.09684118692453163 0.02103476780454356 0.9950665803249854
13.744966417148348 -0.49612239128798075 -3.911741720300519 -0.003705970919906385 0.0973033793472063 0.019223569840630953 0.9950621952972271
13.744788046293708 -0.5509136118968367 -3.992809997127202 -0.002869083426901402 0.09901844237083295 0.017383152747231245 0.9949296168228735
13.726005402701581 -0.5716457057340149 -4.084606737577053 -0.001875708778305124 0.10141634854177495 0.01633990788341628 0.9947081046092837
13.728973145837129 -0.616252601640365 -4.174071624280765 -0.0013075938977966995 0.10337759498955147 0.014817874112542729 0.9945309415293018
13.708325008006208 -0.6413551035621874 -4.2741643257330395 -0.0006140279236027125 0.10609755090206469 0.013704706578851361 0.9942610892918824
13.6886011206296 -0.6914411463627936 -4.366225263023637 -0.0002383098985298952 0.10867173198016804 0.011930992050194341 0.994006061000395
13.65562906520164 -0.7026728704384022 -4.451038324015649 0.0007259333208794269 0.11112422439260093 0.0109964734603709 0.9937454187795745
13.637468883552575 -0.7055602891799038 -4.524173591712138 0.0015063085595891736 0.11324301683367079 0.010533236927162511 0.9935103427205821
13.620941621003519 -0.7439689321303786 -4.586210943887554 0.002117778204071006 0.11487459220080194 0.009017127142523895 0.9933368182546509
13.552642093548645 -0.7494612619536591 -4.726831012477682 0.003792905226692606 0.11891590115497473 0.007918713683889822 0.9928655076575247
13.537736655590912 -0.7597957527032073 -4.773265683012558 0.004245558963728072 0.12033340266560184 0.007423709884700577 0.9926966988781374
13.518049149851247 -0.7826355269025045 -4.832293609358355 0.004635310691393545 0.12207026295048835 0.006582551544792897 0.9924888084070032
13.457920220911443 -0.7254163857526224 -4.905107285937381 0.00611338579705405 0.12479062429507266 0.007549688242469019 0.9921355395355939
13.43971577329185 -0.7138259157067895 -4.968404910337008 0.006801595010759801 0.1266651551311674 0.007762884254879792 0.9918918360431002
13.423265311209159 -0.7003995276768928 -5.031624000712899 0.007355074224266541 0.12860343340905597 0.008124720547531085 0.9916355422808233
13.399427733946753 -0.6901899466510549 -5.120130527603282 0.007425447733160681 0.1312610621775419 0.008566911387851447 0.9912830091912492
13.346007774260748 -0.6308916005734712 -5.218086053008776 0.007916121159074354 0.13496202766050566 0.010225421766862175 0.990766383596683
13.311209719172048 -0.5944229270424943 -5.327772930610848 0.008017056919358011 0.13856495396879734 0.011475596769663142 0.9902544072150131
13.271907730670483 -0.5387221327102741 -5.445798379480648 0.00809510079175062 0.14256030224765145 0.013359934331014922 0.9896628424473158
13.209207299934063 -0.4698508433490695 -5.574232515300122 0.008075012720773697 0.14750508553645175 0.015633192048573892 0.988904771561355
13.124910091318029 -0.47781672301965683 -5.727721108998243 0.0069056021556375725 0.15394375739948885 0.016142464465254008 0.9879236068935611
13.083565016811788 -0.5076158962624399 -5.8767062338635405 0.006217804871376024 0.1595218737569335 0.01576193527390968 0.9870489714761267
13.016577808959122 -0.4681348836944563 -6.075067818963061 0.005978397999552762 0.16582462464767037 0.01731139448714002 0.9859851764802191
12.934014467191888 -0.4093270832044086 -6.285502488612423 0.006153349121414944 0.1727687094419734 0.019500576904743907 0.9847501392905346
12.847551331103855 -0.33594235673503575 -6.4724372994655015 0.00634385956887054 0.17984763770664108 0.022090731952301067 0.983425941400227
12.760721457936684 -0.18799529877547327 -6.666757717899218 0.006399270394962583 0.1871186195648591 0.027286944616289485 0.9819374186800609
12.667992250097832 -0.07083712190709833 -6.873474867470604 0.006582386402158057 0.19451667907632852 0.03126165720099676 0.9803788260358425
12.560823489313396 0.03968877611231691 -7.082090993861916 0.005683069370353429 0.20235024681300465 0.03556487531103663 0.9786507139839823
12.423380216257762 0.08082102418657401 -7.327331841603145 0.004552124466289836 0.2117570885818939 0.03765595945155255 0.9765860137826807
12.27527777630124 0.10377478566093383 -7.576590024392726 0.003222398135365958 0.22151677516170548 0.039184595386597645 0.9743636394881555
12.117519169397967 0.16298885206851166 -7.834131695379696 0.001839902326310362 0.23181430437291056 0.04188926304403077 0.9718559732229675
11.971709551955025 0.3849132985740967 -8.065507021552195 0.0010073233933111973 0.2412550677186935 0.04953641657691026 0.9691961210365777
11.812624150324119 0.5459661787445019 -8.284221100563801 0.00021127432391927927 0.251376110021814 0.05523433526570661 0.966312151885309
11.63386431109066 0.6455912065673112 -8.534720122859795 -0.0008155728518541682 0.26223382060946615 0.05929483924835516 0.9631806062250202
11.472963655520008 0.6694088057943215 -8.783151027627538 -0.0014411939100479351 0.27239251659638364 0.060504692010384595 0.9602809079155594
11.263663303879762 0.5588633049627821 -9.05444491089949 -0.0023599003837438542 0.2841924133150991 0.057397696428447866 0.9570447259815115
11.05593983229745 0.505289552120587 -9.32358925143148 -0.00325080547743376 0.29552468393619824 0.056280954684469905 0.9536703034004795
10.83476844920491 0.46101734914675946 -9.593314323122838 -0.0028238049161969873 0.3068393517746016 0.05474191360586591 0.9501815411925795
10.61267465752555 0.4899818771563883 -9.839523551609743 -0.002042980911736781 0.3177896776648824 0.05549991156046008 0.9465333099344289
10.37459670822828 0.47461941424381854 -10.08044734276758 -0.0006726059231666878 0.3293052742996176 0.05434225145142752 0.9426582114567907
10.083561107638078 0.4169956446089746 -10.362622553333944 -0.000344137300961465 0.34234932275465957 0.05240572022081186 0.938110048590826
9.84631126085446 0.4153302876474743 -10.58208269793212 0.00024750499720075823 0.353203851142894 0.052297091008411345 0.934083504056871
9.581148923248447 0.39279700079956004 -10.805718796776288 0.0015600753160733656 0.3647836776361782 0.05094522227009592 0.9296961971650113
9.333106869226707 0.4005043256901787 -11.027806065691845 0.0022867881649554595 0.3753627996124164 0.05114445563279576 0.9254630105655453
9.059423866949532 0.3809470914516533 -11.224947097649931 0.004780276552076619 0.38671317531203886 0.049069264884884195 0.9208812498035907
8.80585281545649 0.4483370180389 -11.399361143850827 0.007031730694841364 0.3969167272936033 0.05042996668735155 0.9164412064163654
8.586369376875416 0.4446412269620668 -11.560632459149506 0.008478108430849025 0.4059739483465013 0.04983449235977436 0.912485505809616
8.2965553899118 0.4832544775322514 -11.688016897408842 0.01592519193769561 0.4178266463656801 0.046472008637535714 0.9071976820196077
8.271709375502663 0.8333776486473755 -11.686880797666648 0.02096522084140727 0.42119143177530693 0.05667298719552727 0.9049565789785019
8.089391014912701 0.7897762560242343 -11.83713256606238 0.022377573737004396 0.42889597541828073 0.05494896066581039 0.9014034048002003
7.7640135754559525 0.8483541998758726 -12.057868065502353 0.02603436520521608 0.439912527963161 0.055091324431553915 0.8959710517320298
7.477970114172185 0.9565482682030311 -12.22173938977822 0.029877835023235187 0.449595992585872 0.05679468317518096 0.890923746674248
7.282178774467959 1.0105907142510753 -12.346219738243306 0.032269751802037096 0.4567912245235048 0.05767267302589799 0.8871157213706675
7.088724559346407 1.0926801215625537 -12.438592784098752 0.035209767893826495 0.46380419977255644 0.05912153660545284 0.8832613318987828
6.895081908069985 1.1949300368412084 -12.530841213913087 0.03764038105291577 0.4706512581846203 0.061591393566935916 0.8793617544116347
6.7429480406111715 1.2783116409757258 -12.62324522115823 0.03850072716019331 0.4759415157955398 0.06448093936773998 0.8762645582292109
6.514476408697429 1.3236469143096377 -12.739112496909165 0.03820300439819426 0.48350490275481345 0.06678221927475321 0.8719539406733298
6.401418580671405 1.3889479524186141 -12.802735396133285 0.03869730723318353 0.48757901733922526 0.0690327202371512 0.8694847346561498
6.266479197390928 1.4152338229158417 -12.889883250361569 0.03793925570195981 0.49262495319306787 0.07037614589955436 0.8665612883441273
6.200487811835367 1.559211754277783 -12.878550004762369 0.03794345049384741 0.4957321829765336 0.07602261526480884 0.8643092382326134
6.105989085527214 1.6249315411375238 -12.901673737020053 0.0382534711617748 0.49938878366176864 0.07823115800000463 0.8619903715325785
5.886127456680507 1.5974678444253518 -13.034495735672003 0.035157683753666465 0.505684177757766 0.07952021338805701 0.8583262697257071
5.713673778053248 1.5544086442832452 -13.126355049666728 0.032462938223489154 0.5109374346275003 0.07982979866981896 0.8552872609728869
5.632154492531698 1.570981609008276 -13.174777667630897 0.03039363757069121 0.5135009552252013 0.0819199656004091 0.85362879228272
5.532838910906025 1.5871055727124876 -13.204212152062869 0.02842651480965327 0.5167028503363598 0.08394781506039528 0.8515649488187285
5.468329410168169 1.5603433754417557 -13.25629335393553 0.0249884425919652 0.5186909854620783 0.08551653568409222 0.8503070983249508
5.368369540270245 1.5654544721094719 -13.295040413331689 0.023149694045947775 0.5216890010426225 0.08709007263024215 0.848363128091968
5.331599801385694 1.5490259168524603 -13.323378140259448 0.020675422959159324 0.5227928155125048 0.08832935606961931 0.8476190912139099
5.2569474774225435 1.5487442238484286 -13.345886216149514 0.019132129889478384 0.5249099115397284 0.08946096289971113 0.8462270868332584
5.280840088887981 1.5398750412341904 -13.353983702379615 0.016815639583366983 0.5241414509824398 0.09087997656262792 0.8466013249974282
5.2742673237316495 1.5834058095870696 -13.35091483188668 0.015448404970435906 0.5238898652554286 0.0937539011769859 0.8464697052349921
5.332793841492792 1.612557995150919 -13.33839494224272 0.015473002251346468 0.5219273525115625 0.09485104764784222 0.8475586726957065
5.359445799041314 1.6347085283472251 -13.32761788367521 0.015716057328119343 0.5209110325954203 0.0956726518698878 0.8480869326588021
5.391301018901695 1.6768459481807878 -13.313187499838985 0.01686630646583202 0.5196987047209225 0.09661034630091293 0.8487020825974293
5.445859580434158 1.7329856870422298 -13.288377120794214 0.01843934410247013 0.5178453727967022 0.0977703745211768 0.8496688262659188
5.4560029511502846 1.7861664490599614 -13.27539444985966 0.020779273502618007 0.5173614811537205 0.09824106513739903 0.8498552892885949
5.451133992730028 1.8220142509211883 -13.275077207498672 0.022767510444529106 0.5174303755387519 0.09833134207878677 0.8497519603407626
5.48216435347927 1.837101201753585 -13.279096407603538 0.024139547961849236 0.5166050840692322 0.09797555377159668 0.850257172978369
5.448319860212273 1.8548772182695121 -13.291160675794595 0.025730290149155236 0.5177334996598045 0.09758975106275317 0.8495682526944857
5.405374294440542 1.860264922760634 -13.307658147613523 0.0273458624612664 0.5192458614508662 0.09665389862132616 0.8487013391374469
5.329629330853803 1.8522446171883131 -13.334800902939568 0.02919339227237643 0.5218134149004979 0.09498226379445689 0.8472525452555407
5.243017411367667 1.8424660526451226 -13.367037773802583 0.030868111356474326 0.5247204283937711 0.09332954433996128 0.8455798175694811
5.1614348474553715 1.8138610655347214 -13.40326340436524 0.031842393938104445 0.5275515286469589 0.09144289113841221 0.8439867559569854
4.963930144864714 1.7356792414449431 -13.483737646198291 0.033742779310934605 0.5342579601120975 0.08672106486027481 0.8401840951902947
4.866544797695185 1.6837510214114992 -13.531926187625222 0.03349253591235642 0.5376014201400038 0.08474282856311442 0.8382610667976494
4.713824211433285 1.6227833232112867 -13.586524800463968 0.03321266215081362 0.5424666211822935 0.08243370963253363 0.8353631351048125
4.614277584210664 1.55896425255005 -13.635220979306066 0.03257175413752749 0.5458402069319486 0.08020180953473503 0.8334057949620017
4.474008952849992 1.5210727789798506 -13.680839766418988 0.031380360761130044 0.5503103942635376 0.07951240404794983 0.8305730073428385
4.306891782825144 1.460355214269894 -13.741331937004178 0.030058541812150657 0.555556538914718 0.07798213777275576 0.8272679144760889
4.175059610141297 1.4081882760081266 -13.79713546215388 0.028799463531255128 0.55992026102241 0.07654962108010738 0.8244998773252791
3.983139237241295 1.339160417549404 -13.857513205835224 0.02598436797195101 0.5657733655642181 0.07601117060264527 0.8206385400301716
3.7778554338533263 1.2954655488459408 -13.90736211920328 0.02467466786313177 0.5719651725626339 0.07521220177492363 0.8164497087055692
3.6459368509339893 1.2859571392484517 -13.95079825420753 0.023019302650617853 0.5760783243895118 0.07600775531334437 0.8135273179225628
3.4397081026184826 1.2500482481662232 -13.992926237956247 0.0217216339129627 0.5821496222440006 0.0755922196922871 0.8092686848404007
3.2367492886067186 1.1873018707991676 -14.045015905239774 0.01928753648197445 0.5880832703740815 0.07516958192525292 0.8050686877501597
3.1301931158644742 1.1763513040808566 -14.080847636493374 0.017980370800858642 0.5914799867225468 0.07556712803379 0.8025694616251509
2.947334339296144 1.1181181140016336 -14.123031311868685 0.015399957031395607 0.5967870765270918 0.07552827743369571 0.7986886163715976
2.737256740866844 1.1001095361597557 -14.152250371148664 0.014017013223683124 0.6027102312683684 0.07612732925464359 0.7941967830489318
2.5132028779541593 1.1209682877796678 -14.184480320876723 0.014116430979979125 0.60881832126148 0.07674177163693448 0.7894629051188949
2.243668854108261 1.1030719052481721 -14.20330044217872 0.013996386851164095 0.6161295788335232 0.07639323905207156 0.7838064278051508
2.1053660927470665 1.1630952406354782 -14.22006062059978 0.013314500501154722 0.6198161258069754 0.07988572233325966 0.7805568304955954
2.0065793040082553 1.2156925329057313 -14.243854367106307 0.01381374140713292 0.6226101629146785 0.08154028443689658 0.7781496948516039
1.825115601256281 1.2060270916256388 -14.270534478795708 0.012214922364932147 0.627451858078671 0.08318290960382868 0.7741030713122661
1.7124973140360176 1.2658539270262152 -14.282773739651265 0.01224493029858661 0.6304595007149947 0.08588596326908293 0.7713588535523037
1.5209712778340725 1.2900161331308397 -14.292748483682507 0.012930670475282425 0.6353871389333396 0.08680578607348957 0.7671901569645744
1.4543340445304642 1.3642100117690203 -14.299541248496517 0.012972388421528824 0.637154827916878 0.09012087437162221 0.7653389251850117
1.3046510426077778 1.3846278192083548 -14.308940611475753 0.012737396897820875 0.6409552928899639 0.09179417969815527 0.7619631879626148
1.155822045955522 1.4231008795550242 -14.308293753160209 0.013747598731897322 0.6446771393601562 0.0929811576420644 0.758654660460907
1.052228891318928 1.455685998901762 -14.31023605334198 0.013168645672341009 0.6472135265840658 0.09544699567280214 0.7561951525861623
0.9822174169497228 1.5105202797192478 -14.307991940058718 0.014480008899317203 0.6490608870240957 0.09658820911124509 0.754440860597073
0.8513681025916899 1.5242456620198375 -14.298190561911785 0.015450473928575695 0.652422788775603 0.09668724313552055 0.751503402890832
0.6842633457793046 1.6057544865443782 -14.285139432671066 0.01828829278583972 0.656783452029696 0.09784985972930955 0.7474800602276223
0.5979810068269366 1.6172518974190189 -14.281687176146137 0.0190265817553658 0.6590718386294185 0.09801547951432635 0.745422877625795
0.5603047787242517 1.7044371808633594 -14.272600078093689 0.02244228272161674 0.6601622263428693 0.09825411538036681 0.7443307783956611
0.47625048092583866 1.7203065707953296 -14.260493203623534 0.023495786448698677 0.6624194789213281 0.09826514736930349 0.7422885845661661
0.3838001074195454 1.7406249807067686 -14.249669685526543 0.02476738086806936 0.6648330743935918 0.09827871135705066 0.7400843566319304
0.3575804668394768 1.8494134083527847 -14.230111387937058 0.02980080341993586 0.6657233225478253 0.09762315538065353 0.739184746504509
0.26196418772220254 1.8670870658040013 -14.218795883376652 0.03171404810016767 0.6682555173638659 0.09677723398527195 0.7369280491662752
0.18348374606485016 1.8886225374286676 -14.20199396884034 0.03353376220985784 0.670403211069616 0.09618209883792538 0.7349721254869006
0.13208058722808488 1.977607126954326 -14.17543300513356 0.037925110793955046 0.6718649232067935 0.09552027598872546 0.7335087510116246
0.03180514890577211 1.9988373519465343 -14.1553754004834 0.03992842639769057 0.6745094423486917 0.09486365410799509 0.7310565094964547
-0.038018369750497424 2.0459994478877084 -14.126093690383202 0.042558092406407406 0.6764895308580292 0.09470112170008484 0.7290969900904524
-0.08995849954364724 2.2069562571162993 -14.077898266323686 0.048979485087924386 0.6782233893164656 0.09585033301351127 0.7269296787762944
-0.2569096730222769 2.293174081398242 -14.017603714117755 0.05219112885302379 0.6823424357828635 0.09723552959380925 0.7226549233095748
-0.32824351613830294 2.3236074425708333 -14.013723433270268 0.052730532171139384 0.6841105741345069 0.09881602214893148 0.7207271377580877
-0.5224473929479395 2.348698601938513 -13.995195703424166 0.05355412118779112 0.6885191540182575 0.10005915478400054 0.7162831117635664
-0.6585324412654658 2.4059024656528236 -13.974022748308832 0.05530925135134168 0.6916893666496402 0.10148211065935875 0.712887149550962
-0.777577631127062 2.4553303674476763 -13.941199129083573 0.05665179521073606 0.6945221196014592 0.10300517842527888 0.7098024603375744
-0.9168540983768277 2.5127258375735995 -13.881484175312044 0.05811930330238031 0.697806082180841 0.10486911027798772 0.7061807756973953
-1.0288259064028418 2.553944226495539 -13.840088997026383 0.05891918351796858 0.7004700579852984 0.10665796413524554 0.7032028913238154
-1.1417706016482885 2.600222778113472 -13.806309957349596 0.06010316058583785 0.7031299012404567 0.10815179148116542 0.7002136403045812
-1.2570397716478485 2.661801610820207 -13.748905355578502 0.061422494547301636 0.7058178997841801 0.11022444268418223 0.697064517632907
-1.3597194647024604 2.7016727941211474 -13.700895838529805 0.062253338229154485 0.7082814967117084 0.11190277415203322 0.6942187064839352
-1.4605241566635292 2.730079197179086 -13.661337277221092 0.06213728558146847 0.7105868232403325 0.11421714677769576 0.6914909744600733
-1.5499188025058397 2.8254134461883096 -13.599975099345029 0.0642098283721946 0.7125118755074856 0.11691397472003731 0.6888650431807245
-1.7144589497044418 2.923825905625104 -13.50529328934422 0.06534255451038995 0.7160304840138076 0.12215393386780835 0.6841849990855019
-1.7924272818011513 2.9810304450801834 -13.458103924979245 0.06566824652951354 0.7174927388424364 0.12560118744356605 0.6819942762361607
-1.837680029651866 3.0712630156280563 -13.395994882049838 0.06732271255545713 0.7182519989698067 0.12898509050180104 0.6804002974560599
-1.8700325496123023 3.1598676583194707 -13.341109959752822 0.06910575973509218 0.7186780104857811 0.13223105795347556 0.6791474497692973
-1.9205302963123676 3.2447831442765627 -13.300711781338634 0.0700841170792694 0.7191616435989484 0.13635428184084344 0.6777184199451468
-1.9676227001644229 3.340238272843991 -13.248379691896679 0.07221146005401181 0.719709846155339 0.13959587001161747 0.6762516066225841
-2.0037598782254253 3.4372844358314185 -13.19656261724217 0.07518919302878559 0.7202485877883054 0.14169519403500552 0.6749155717776958
-2.0723760741520887 3.5033074761806526 -13.15514520363409 0.07686767006319126 0.7214503506633297 0.1439653166191627 0.6729596870820419
-2.1426891707026177 3.5595116731745073 -13.105410430808815 0.07924935286173732 0.7230458472166217 0.14473866336775307 0.6708017309312118
-2.2242330792632345 3.604749572527507 -13.055453467990278 0.08139888910103969 0.7249764396632318 0.14521744849444143 0.6683526579876117
-2.3152295565488474 3.634183231883668 -13.00661027835706 0.08323859214808436 0.7272092548193496 0.14528066980450774 0.6656812776873364
-2.3802857560014203 3.646548705581965 -12.953749471920112 0.08503250286894357 0.7291872160373177 0.1445891799261452 0.6634375980240147
-2.471490758390757 3.656434971070566 -12.91187504731136 0.08649472540621563 0.7315456041192556 0.14393192070783656 0.6607899013847366
-2.6285144094542594 3.6138108060639738 -12.854946813806661 0.08766004482595705 0.7359106711964045 0.14113245347964887 0.6563785730317401
-2.6783647070080785 3.575498020931955 -12.844699733765196 0.08827815757497319 0.7376515449850335 0.1382118354779073 0.6549615665137839
-2.7150033402133387 3.514463072797054 -12.840779890435424 0.08802374287591487 0.7391317413890204 0.13500109470447777 0.653996019857875
-2.7506985763353216 3.4310709277013194 -12.8422541586277 0.08659128830665014 0.740520595838085 0.13207675645092573 0.6532127726356898
-2.771115740947155 3.357729750635604 -12.848339117899002 0.08588845959812078 0.7417502614604932 0.12837603200477213 0.6526479269390671
-2.8182559577860253 3.271169803833702 -12.843001879647925 0.0843783696161972 0.743481015466698 0.12524388530644792 0.6514831076665497
-2.884728779946713 3.210559594177317 -12.826998385110528 0.08412621813134405 0.7456568997110653 0.12171344948320816 0.649695623774009
-2.94273214590282 3.1216250725753683 -12.795531627885657 0.08243138905328634 0.7477802529120428 0.11900796777792258 0.6479713443192656
-3.022443835814922 3.0492007836414334 -12.765568377020418 0.08089146242004766 0.750262421144431 0.11682504873022174 0.6456893825325174
-3.1142232143049338 2.9849425401031935 -12.731856158560246 0.07957604855881181 0.752926176710942 0.11496048919485082 0.6430815740194161
-3.2069245959493076 2.900066421448787 -12.694829490456186 0.07711142212536234 0.7555511569329513 0.11375525361166405 0.6405123106629794
-3.386538510631804 2.769989593364399 -12.596522503132237 0.0730034452485626 0.7606688707262089 0.11246087267960575 0.6351424393048347
-3.493671301783358 2.7135081533268393 -12.543172733587696 0.07139803970072886 0.7636199039674093 0.11164682199572475 0.6319192585528257
-3.587715827730507 2.6814635025715363 -12.484540383233012 0.07042313532450833 0.7661956570541661 0.11132982130099335 0.62895983020499
-3.681996472665745 2.6554375845200124 -12.41417247695818 0.06944882315068847 0.7687383048663798 0.111526207037345 0.6259234655594988
-3.791034166135589 2.6418832409985358 -12.351020153708404 0.06891700720233898 0.7714684264775671 0.11176640571624491 0.6225714285283034
-3.885221047231736 2.5978249224338716 -12.27939592910939 0.06686937518757247 0.7739409209253835 0.11296174247168027 0.6195026895155141
-3.9694128498285504 2.6064229370672685 -12.208617128564846 0.06685809404952471 0.7761410519034072 0.11382599555197773 0.6165863325982333
-4.045825253623098 2.61894477752661 -12.126322720893288 0.06684390279996007 0.7781494173675526 0.11519662315613947 0.6137956621893241
-4.112665306863881 2.6184753758843797 -12.055355558775382 0.06600907362637476 0.7798025937208466 0.11737613256524754 0.6113702319619873
-4.196718960419707 2.638479081321773 -11.983781221267988 0.06650396186828132 0.7816750918702592 0.11887567814002509 0.6086294824868362
-4.259990971526952 2.6739972235244416 -11.911614596485004 0.06730251252674993 0.7831610442357524 0.12072565172282824 0.6062627051165616
-4.304655195869334 2.6990062133963253 -11.84066765581724 0.06809499449898555 0.784366437193996 0.12217737507308622 0.604321977879368
-4.37841977620993 2.7327878662276803 -11.76581037045036 0.06920330948441715 0.7859731557217724 0.12362321732789261 0.6018092725927904
-4.433521500272319 2.766678498500376 -11.671520033575591 0.07062114806466849 0.7875165484228543 0.12477964038498791 0.5993833337285713
-4.494005517678864 2.8190564842564063 -11.579469502981425 0.07261149698852684 0.7890971957536037 0.1258459655799506 0.5968383190665079
-4.566717812356687 2.8546301728551247 -11.48471949501625 0.07439436486699096 0.7910362125135774 0.12662649379474133 0.5938795501088265
-4.665465112888895 2.9051078619164277 -11.388000320687423 0.07671463673500964 0.7933887300743055 0.1272716746138472 0.5902974744505385
-4.81133849445591 2.89125023416922 -11.14150670543163 0.07738614527925444 0.7976904931826039 0.12978442286712352 0.5838298255364837
-4.975951630601717 2.9418078090205846 -11.046213975210728 0.07956353982597268 0.8010658598158659 0.13043181373524107 0.5787492318211441
-5.059252264644223 2.9153748243482807 -10.94080638627434 0.07912972821401844 0.8033298883780406 0.13181496936511217 0.575347191183354
-5.1481432861335605 2.934428339034941 -10.847269973613322 0.0803884128152235 0.8055721904504378 0.13264254922280344 0.5718366053284893
-5.212094888027314 2.931999510525347 -10.750535937921862 0.08116283932263609 0.8075411722547834 0.13303751831179386 0.5688504789027586
-5.285371029060185 2.935363965434903 -10.661964542174125 0.08189280307883219 0.8095262072744225 0.13341959319094096 0.5658269176104522
-5.373683862309292 2.9504864110768017 -10.58425685661711 0.08284470395664341 0.8115600086669665 0.1337027066114553 0.5626994700580235
-5.452028185547406 2.93252873499738 -10.496293026355518 0.08310935426451824 0.8136538487782987 0.13355391738739375 0.5596638283402631
-5.533978127412341 2.9262560260589696 -10.418256533550544 0.08359450525395785 0.8157912764262454 0.13314120977796004 0.5565698251406067
-5.585008423274431 2.8882939570266943 -10.339640249943768 0.08275518174387798 0.8176414624671721 0.1333209618079747 0.5539309883836432
-5.656265225852757 2.848130115936594 -10.225359217282987 0.08201787256206176 0.8198058316165054 0.1334191432981115 0.5508092221718541
-5.725749634196854 2.825573126014122 -10.134923399173807 0.08182023123196705 0.8218677510219778 0.13330336182422234 0.5477855997720129
-5.850286650249182 2.77317285666217 -9.93539252628272 0.08085069906939886 0.8258093447006893 0.1335540876249816 0.5419090295830702
-5.939988932998513 2.7503746355589955 -9.840822929160426 0.08032303507463033 0.8280191644422892 0.1339728066607354 0.5385014024384136
