0.0 0.0 0.0 0.0 0.0 0.0 1.0
0.0 0.0 0.0 0.0 0.0 0.0 1.0
0.0 0.0 0.0 0.0 0.0 0.0 1.0
0.0 0.0 0.0 0.0 0.0 0.0 1.0
0.0 0.0 0.0 0.0 0.0 0.0 1.0
0.0 0.0 0.0 0.0 0.0 0.0 1.0
0.0 0.0 0.0 0.0 0.0 0.0 1.0
0.0 0.0 0.0 0.0 0.0 0.0 1.0
0.0 0.0 0.0 0.0 0.0 0.0 1.0
0.0 0.0 0.0 0.0 0.0 0.0 1.0
0.0 0.0 0.0 0.0 0.0 0.0 1.0
0.0 0.0 0.0 0.0 0.0 0.0 1.0
0.0 0.0 0.0 0.0 0.0 0.0 1.0
0.0 0.0 0.0 0.0 0.0 0.0 1.0
0.0 0.0 0.0 0.0 0.0 0.0 1.0
0.0 0.0 0.0 0.0 0.0 0.0 1.0
0.0 0.0 0.0 0.0 0.0 0.0 1.0
0.0 0.0 0.0 0.0 0.0 0.0 1.0
0.0 0.0 0.0 0.0 0.0 0.0 1.0
0.0 0.0 0.0 0.0 0.0 0.0 1.0
0.0 0.0 0.0 0.0 0.0 0.0 1.0
0.0 0.0 0.0 0.0 0.0 0.0 1.0
0.0 0.0 0.0 0.0 0.0 0.0 1.0
0.0 0.0 0.0 0.0 0.0 0.0 1.0
0.0 0.0 0.0 0.0 0.0 0.0 1.0
0.0 0.0 0.0 0.0 0.0 0.0 1.0
0.0 0.0 0.0 0.0 0.0 0.0 1.0
0.0 0.0 0.0 0.0 0.0 0.0 1.0
0.0 0.0 0.0 0.0 0.0 0.0 1.0
0.0 0.0 0.0 0.0 0.0 0.0 1.0
0.0 0.0 0.0 0.0 0.0 0.0 1.0
0.0 0.0 0.0 0.0 0.0 0.0 1.0
0.0 0.0 0.0 0.0 0.0 0.0 1.0
0.0 0.0 0.0 0.0 0.0 0.0 1.0
0.0 0.0 0.0 0.0 0.0 0.0 1.0
0.0 0.0 0.0 0.0 0.0 0.0 1.0
0.0 0.0 0.0 0.0 0.0 0.0 1.0
0.0 0.0 0.0 0.0 0.0 0.0 1.0
0.0 0.0 0.0 0.0 0.0 0.0 1.0
0.0 0.0 0.0 0.0 0.0 0.0 1.0
0.0 0.0 0.0 0.0 0.0 0.0 1.0
0.0 0.0 0.0 0.0 0.0 0.0 1.0
0.0 0.0 0.0 0.0 0.0 0.0 1.0
0.0 0.0 0.0 0.0 0.0 0.0 1.0
0.0 0.0 0.0 0.0 0.0 0.0 1.0
0.0 0.0 0.0 0.0 0.0 0.0 1.0
0.0 0.0 0.0 0.0 0.0 0.0 1.0
0.0 0.0 0.0 0.0 0.0 0.0 1.0
0.0 0.0 0.0 0.0 0.0 0.0 1.0
0.0 0.0 0.0 0.0 0.0 0.0 1.0
0.0 0.0 0.0 0.0 0.0 0.0 1.0
0.0 0.0 0.0 0.0 0.0 0.0 1.0
0.0 0.0 0.0 0.0 0.0 0.0 1.0
0.0 0.0 0.0 0.0 0.0 0.0 1.0
0.0 0.0 0.0 0.0 0.0 0.0 1.0
0.0 0.0 0.0 0.0 0.0 0.0 1.0
0.0 0.0 0.0 0.0 0.0 0.0 1.0
0.0 0.0 0.0 0.0 0.0 0.0 1.0
0.0 0.0 0.0 0.0 0.0 0.0 1.0
0.0 0.0 0.0 0.0 0.0 0.0 1.0
0.0 0.0 0.0 0.0 0.0 0.0 1.0
0.0 0.0 0.0 0.0 0.0 0.0 1.0
0.0 0.0 0.0 0.0 0.0 0.0 1.0
0.0 0.0 0.0 0.0 0.0 0.0 1.0
0.0 0.0 0.0 0.0 0.0 0.0 1.0
0.0 0.0 0.0 0.0 0.0 0.0 1.0
0.0 0.0 0.0 0.0 0.0 0.0 1.0
0.0 0.0 0.0 0.0 0.0 0.0 1.0
0.0 0.0 0.0 0.0 0.0 0.0 1.0
0.0 0.0 0.0 0.0 0.0 0.0 1.0
0.0 0.0 0.0 0.0 0.0 0.0 1.0
0.0 0.0 0.0 0.0 0.0 0.0 1.0
0.0 0.0 0.0 0.0 0.0 0.0 1.0
0.0 0.0 0.0 0.0 0.0 0.0 1.0
0.0 0.0 0.0 0.0 0.0 0.0 1.0
0.0 0.0 0.0 0.0 0.0 0.0 1.0
0.0 0.0 0.0 0.0 0.0 0.0 1.0
0.0 0.0 0.0 0.0 0.0 0.0 1.0
0.0 0.0 0.0 0.0 0.0 0.0 1.0
0.0 0.0 0.0 0.0 0.0 0.0 1.0
0.0 0.0 0.0 0.0 0.0 0.0 1.0
0.0 0.0 0.0 0.0 0.0 0.0 1.0
0.0 0.0 0.0 0.0 0.0 0.0 1.0
0.0 0.0 0.0 0.0 0.0 0.0 1.0
0.0 0.0 0.0 0.0 0.0 0.0 1.0
0.0 0.0 0.0 0.0 0.0 0.0 1.0
0.0 0.0 0.0 0.0 0.0 0.0 1.0
0.0 0.0 0.0 0.0 0.0 0.0 1.0
0.0 0.0 0.0 0.0 0.0 0.0 1.0
0.0 0.0 0.0 0.0 0.0 0.0 1.0
0.0 0.0 0.0 0.0 0.0 0.0 1.0
0.0 0.0 0.0 0.0 0.0 0.0 1.0
0.0 0.0 0.0 0.0 0.0 0.0 1.0
0.0 0.0 0.0 0.0 0.0 0.0 1.0
0.0 0.0 0.0 0.0 0.0 0.0 1.0
0.0 0.0 0.0 0.0 0.0 0.0 1.0
-0.9361422201952654 -0.2595377702627958 0.23722961319130345 0.0033215761947144673 -0.003961879660882003 -0.0010928852407149185 0.9999860380240245
0.0 0.0 0.0 0.0 0.0 0.0 1.0
0.2795384288551691 -0.11404942777687328 -0.9533367688371993 0.003734247473682279 0.002990581577661057 -0.0035266594155417877 0.9999823370895106
0.655546429509015 0.061217466104236534 -0.2770232830786426 0.006775223817274653 -0.008854766483792126 -0.00417305039702997 0.9999291350406424
0.7367204664125262 -0.028047718879949623 -0.34888013019823705 0.0053753743970202895 -0.008220328432865916 -0.006049088819057728 0.9999334678242382
0.8459760756576312 -0.047472315008548045 -0.40864308506493646 0.005400996273240969 -0.008122228530452013 -0.007457227756430405 0.9999246213576023
1.0239792953660147 0.009729704715100982 -0.45687165286851134 0.007066608211246678 -0.009593124400077271 -0.008580003818616785 0.9998922034635064
1.1354293570549308 0.04644694203469244 -0.5018571560893703 0.0082274871390514 -0.009620416194004307 -0.009766167899812965 0.9998721808372226
1.2168940844083906 0.017229993698662124 -0.5543806024336725 0.007993349663544563 -0.009272634256421863 -0.011032854163796442 0.9998641911500299
1.3128008395060862 0.04530061063887259 -0.5838407338512382 0.009112629346113586 -0.009458969896305455 -0.012653551464136645 0.9998336739229409
1.3363623316192177 -0.06264877289693215 -0.6218090562059749 0.0070224090026994035 -0.008298649417804222 -0.013998596435708718 0.999842916406107
1.5269056233825835 -0.02786005372207098 -0.6765410669071374 0.008680728178018904 -0.009747421563005681 -0.016146936375849193 0.9997844313535027
1.645100724294646 -0.04365058207751435 -0.7175767636545024 0.008711533686045209 -0.011006772945441001 -0.017267634544589534 0.9997523638018562
1.7020108495260975 -0.03746130622641175 -0.7147044569468407 0.00939389204477493 -0.010871350594815815 -0.017765882948002697 0.9997389368888128
1.7217545603740376 -0.0605552333656674 -0.7451938473293774 0.00947889720134524 -0.009757824889638604 -0.018151615348492706 0.999742694007568
1.8770355092754527 -0.03135931329314652 -0.7354461149691759 0.010857490020343249 -0.011890897290901469 -0.018087884553414726 0.9997067319491539
2.024713670163432 0.011567880962073744 -0.7548615928084607 0.012350160653523555 -0.013348843640690817 -0.017387344744181524 0.9996834309660412
1.9284813076552374 -0.20033489447546324 -0.8122121995927591 0.007484516404283972 -0.008311131463892224 -0.016725363857854458 0.9997975641657696
2.467895440055009 -0.3013466287161752 -0.7511371572818332 0.005884925046457523 -0.01806422705772406 -0.018870270022570045 0.9996414178430583
2.5866171856985516 -0.2332532689647269 -0.7844438487437192 0.007506373820062317 -0.0173096351089619 -0.017617378390500517 0.9996667739117441
2.7925270679433076 -0.251009358736957 -0.7965195001909079 0.006991058862492897 -0.018303457511579066 -0.01594930602956121 0.9996808131480159
2.9477291567821724 -0.19848948658083596 -0.8246873384629612 0.008050999063045792 -0.017515399109489387 -0.014375056452697401 0.9997108331713246
3.1705407085189528 -0.39081657185563995 -0.8569294086208377 0.0031056360866396657 -0.012450261116217642 -0.010468319026945238 0.9998628707574782
