0.0 0.0 0.0 0.0 0.0 0.0 1.0
0.3406552963267152 0.1460967034142531 -0.9287678516917159 -0.0006623060495028898 0.004377057721651499 0.001987241372107224 0.9999882267247585
0.8248681489776976 -0.27706184083576263 0.4927771029124688 -0.002279434962899046 0.0013552389281123543 0.0024944172816628073 0.9999933726711006
0.8893791739758401 0.14655043124568845 0.4330446351125428 0.0023236441276026686 -0.0018502744918545322 0.004196115728949542 0.9999867848002104
0.6982434230255371 -0.31397130727250144 0.6433336151727013 -0.0020995264069959703 0.0036110444489505155 0.004942103671095181 0.9999790637599161
0.8749779114490281 0.011221976113456707 0.48403276927126065 0.003905914352747955 -0.0035559942358579263 0.004893534020440841 0.9999740756953924
0.6019869717792499 -0.7920750210085296 0.10113776200008869 -0.002587123864881016 -0.0015629384967247991 -0.0005300599762627613 0.9999952915138075
0.27251395015027025 -0.13719394976814384 -0.9523203069978673 0.004344181421150029 0.004385806855475045 0.00019803427138112713 0.9999809266023197
0.1613172617645441 0.07168587317212768 -0.9842956246191173 0.0061053308006886724 0.006476145028219765 0.0016999363368806635 0.9999589465062243
0.9296022203088493 -0.2500512729676604 0.2707657158580293 0.0029270665333492075 -0.01336233983877407 -0.0015615678220047252 0.9999052163387687
-0.16829995950287968 -0.04412604451881848 0.9847476914552539 0.010109023081231135 0.01169727761556757 0.0001077245307203882 0.9998804777292899
0.2482282940881951 -0.13161477471805488 -0.9597188468973504 0.0018084605727312672 0.002687595567888268 -0.0006186172415694136 0.9999945617917774
-0.24273926103397406 -0.020705025283379187 0.9698705857384761 0.003232818022908374 0.00565584788526802 -0.0017411608348316347 0.9999772640571768
-0.98251323933161 -0.019021756525164236 -0.18521853934421265 0.004647664611199459 0.0008292801567219944 -0.0023365298821158443 0.9999861259718523
-0.6369920519732681 -0.1873531598710583 0.7477565908831657 0.0052496868684231545 0.011399068856182753 -0.0016646588943654576 0.9999198622528512
0.9926441496066921 -0.0872506927640946 0.0839339553684508 0.004832772192596605 -0.005332186646943522 -0.007512811102931783 0.999945883419612
0.6476074391304544 -0.25894122960757954 -0.7166268515707528 -0.0006363202090580908 0.0027066619487556218 -0.0014247249556469752 0.9999951196063346
0.5075670221778888 -0.06974019017803047 -0.8587852024059348 -0.001435906477226356 0.0059864870108114095 -0.002251481915129306 0.9999785152567249
0.30334439129753643 0.06827291665679511 -0.9504320013128249 -0.0027471094735371133 0.0101608398781004 -0.0033384809912235156 0.9999390307749684
-0.7758531538100767 -0.11193442924683734 0.6209046362140828 -0.0045890618606800725 0.010399219378074575 -0.003296995083115203 0.9999299608327512
0.37703449322850013 -0.01626740705840099 -0.9260563494645047 -0.007546989478064226 0.01753395274581362 -0.0057372833853365605 0.9998013237790206
-0.9849188041140454 0.03472166519663524 -0.16949736065358367 -0.00272244471848901 -0.00024123185109275889 -0.000764691473614881 0.9999959726663397
0.9804135653938625 -0.1661785061460959 0.10570688192708241 -0.006415154780839925 0.0018858958245909282 -0.000789132561651424 0.9999773329710413
-0.19669168276442792 -0.01736147951156856 0.9803116652169693 -0.008296971833084785 0.012335324507178384 9.692468294713662e-06 0.9998894938610764
-0.18801163778868127 -0.023731479437705337 0.981880054252919 -0.011341932174252443 0.01673430494299614 -0.0009884232389082827 0.9997951523347822
0.2505514345349279 -0.05130640274206149 -0.9667427950029726 -0.013858087572233857 0.02108661550668778 -0.0016635706400893345 0.9996802191641279
0.3116644726760333 0.07524445269765505 -0.9472082816412662 -0.315372478300243 -0.07775744729657388 0.9457763558224805 -0.00103154633054103
-0.13196639931483886 -0.298932026994285 0.945105556373977 -0.005498845130241258 0.007802643382636297 0.002675733372610941 0.9999508597473157
0.9433446737452487 0.29094948065296 0.15952813615235042 -0.006793806483963812 0.004951835079538815 0.003837789640523166 0.9999572965349464
0.9768524515470589 0.14336064701202644 0.15876716535478597 -0.009209176997243192 0.0022762967733941 0.004326242977459763 0.9999456450996388
-0.3002902298073218 0.06376186528804167 0.9517143491706189 -0.012912803186668865 0.02189879391783936 0.0070127672173262235 0.9996522012353906
0.24378091868266674 0.23156463064142382 -0.9417795312715903 -0.0015010782497811384 0.002918824402532143 0.0014495997192653578 0.9999935629237066
0.14882006536225323 -0.04877403492352381 -0.98766071181497 -0.0022613553515511363 0.005648340610987614 0.0023749094964846886 0.9999786709351354
0.21687959243024038 0.2339677302099998 -0.947745927771612 -0.0033302055328787846 0.008140805547504213 0.004679984717919303 0.9999503661478336
0.9563385613853513 0.2197943471143903 0.19263177563412456 -0.0005019003886021493 -0.0016707621319528216 0.0041215201969715875 0.9999899848104301
0.9421048288231938 0.23057217695576504 0.2434644999212416 0.0008597416043260708 -0.0027405947873644456 0.003390495861649962 0.9999901272124627
-0.09489344192976794 0.355497799436829 -0.9298475946488727 0.09297535672520645 -0.3550850215717279 0.9301984730652684 -0.0010055865300169112
0.1963741595767124 0.16642981136632992 -0.966301354308845 0.0021204382725909542 0.0031441006392621544 0.0025794147989650538 0.9999894824406891
0.5017867247858432 0.01511027293907091 0.14953341079414392 0.0049572534969382215 -0.007987753021773776 0.0006060970477045273 0.9999556260583762
0.6386708097012749 -0.048028720886648044 0.2104744386228251 0.008305434400398652 -0.009124610982160284 0.0009993554202328277 0.999923378325854
0.556373859130642 -0.15461142195861804 0.1265443683286203 0.007980161631491784 -0.005769754338410148 0.0015411482682069796 0.9999503246747936
0.7369742046488851 -0.10258640474433588 0.15249213131962 0.012165524644106172 -0.00869072522022637 0.0009861597706281502 0.9998877430962873
0.8030938874365828 -0.16032081204805523 0.15768486666499365 0.013859287003355215 -0.008530056781595971 0.0011022009645537138 0.9998669628746092
0.7544461100590332 -0.2578688796836863 0.15101886541455986 0.014622682584487724 -0.005071501880583824 0.0008651918175294884 0.9998798470145438
0.8409304506936051 -0.3086513058124979 0.12568517558489703 0.01668174719128247 -0.004188337041873435 0.0007736899162798192 0.9998517782888537
0.8874962079934969 -0.3852735039561329 0.09774218892545668 0.01799122776337322 -0.001956844571433781 0.000557303562472575 0.9998360745120317
1.6018575530858763 -0.7100848686695992 0.029864074933081672 0.012816098777367247 -0.015297446949468094 0.00024677124089495574 0.9998008175796376
1.7375217108694367 -0.6554730019303144 -0.0030049273846034993 0.016637784026983564 -0.01477730715034018 0.00018938164927744186 0.9997523590723089
1.9914991638081625 -0.7308813548509204 -0.014779599436292827 0.01690471829523535 -0.017120506020159746 -0.0006513810489751103 0.9997103052763343
2.190680457796441 -0.8931507961194666 -0.053171382910182655 0.014529291290224036 -0.017774390369062684 -0.002013781554737407 0.9997344224470126
2.411298162598068 -0.8179666859326123 -0.09030261776309785 0.017540814566232816 -0.018669293334303946 -0.0020782501289841825 0.9996696745361201
2.630118252280519 -0.9120718021815776 -0.11014763775666991 0.01654843077304387 -0.01877888485111485 -0.0032858504510995348 0.9996813022706343
2.573401730628757 -0.622599938677119 -0.2435880602782992 0.02433655807248846 -0.012268639377021101 -0.002415452700888321 0.9996256189280419
2.453991969074934 -0.6729869527406982 -0.337332498473864 0.024174670500409445 -0.0038134484552814502 -0.002877681424988326 0.9996963348270773
2.832160300282845 -0.7641086681449875 -0.4146919893594438 0.023730174908205802 -0.00019941380020209307 -0.002609037955187477 0.9997149753574319
3.003391010350407 -0.5814018705306705 -0.4933408590231877 0.028575801716253436 0.002880682949096655 -0.0003411505023209453 0.9995874193077636
3.1911328832942063 -0.642239301048658 -0.5644128290097059 0.02758044706399057 0.005081200527321893 0.00011772072344517305 0.9996066658855286
3.356739725662119 -0.5530092446918116 -0.618767010600107 0.030009014482258414 0.008075901104262526 0.0015389452276487587 0.9995158180432885
3.5378169827552366 -0.5500398455893678 -0.6671047036350392 0.03027579348492256 0.010480082688550597 0.0025000874942816558 0.9994835134999578
3.72350672721868 -0.6184349175583793 -0.7229866290114988 0.02869643170478103 0.013209833212654988 0.0036086142564870824 0.9994943686770099
3.958555126931825 -0.6468424319653819 -0.8032988232121832 0.028056423601529705 0.015020592915704418 0.00461579315189127 0.999482822932306
4.119220456041725 -0.6787024527934773 -0.8428799540086147 0.02719195856587975 0.019044419435127136 0.0054183115987955065 0.9994341145754175
4.353631532297597 -0.6384127133562542 -0.9168039561112534 0.027778785745842433 0.021796909365413 0.007416070315325737 0.9993489058910711
4.702841252850554 -0.6489679001931936 -0.9760404542936203 0.027144104415578862 0.02217823934565368 0.008217391996045428 0.9993516887281406
4.983551325460641 -0.6801041479819718 -1.0265246785733828 0.02624040954872582 0.025208158170530043 0.010185508197347624 0.9992858675529873
5.256312907272697 -0.7477151500436182 -1.091383776011392 0.02483926776026918 0.028254283474848575 0.011141614218518826 0.9992299888789679
5.7496572245762705 -0.7342632028547914 -1.248086830349562 0.02692247446320156 0.036026049314703816 0.012775852034930863 0.998906442938644
5.823459347060455 -0.7585053802878272 -1.3564428240296529 0.027849063634258247 0.043628341878009694 0.012261522099438866 0.9985843241887364
6.100282139079837 -0.7282966723470073 -1.4428232091300766 0.029455430971200736 0.046465360599375796 0.012984164164633508 0.9984011014274857
6.29459625004651 -0.7776450960866165 -1.5566381684749413 0.02922793028813932 0.0509909081864306 0.012485338734697825 0.9981932536789029
6.601329808979098 -0.7238625509232751 -1.6723751005870258 0.03150887632701564 0.05194541977835327 0.011214455407605291 0.998089725458874
6.805163123583487 -0.5500338493630487 -1.7659579815918285 0.036233659559607424 0.05551814601067647 0.011443046821795373 0.9977343905358228
7.0659909077685334 -0.5781521863567223 -1.8633925382902252 0.03594176483082791 0.057185469286780824 0.009593651551394779 0.9976702729324988
7.4177186975412885 -0.6505665822882344 -1.9392639554491709 0.034116481001183016 0.05603197707133221 0.0077755457959763265 0.9978156263344187
7.796929349501607 -0.5924281145967806 -2.014269967574197 0.03507718868451101 0.05405638280093187 0.0058151473306016985 0.9979046459326631
7.909539793274494 -0.6259611468431278 -2.1529672630612136 0.032991867666038184 0.05820687244272274 0.004589845422490583 0.9977486807745429
8.311830934626567 -0.7127948779010477 -2.390348209849308 0.02692645128326216 0.06184613193434889 0.002729563370820822 0.9977186836327432
8.573612275428573 -0.7256702168459219 -2.469063501037987 0.024482697315982342 0.06199191065579614 0.0021610257230587843 0.9977739876912015
8.746427225711567 -0.6344035905960557 -2.591518769399078 0.024408492386203896 0.06375624079031575 0.002059066144906548 0.9976648372606558
8.962409015083203 -0.6297408701830391 -2.6815265974761657 0.021968858779016567 0.06441769944807106 0.0025767346377000722 0.9976778486467325
9.10389772162414 -0.5959976077365481 -2.7693715759361677 0.02040418728438808 0.0659195524878642 0.003069083409959113 0.9976115789565025
9.258026850758402 -0.537265371193658 -2.8462734032046355 0.019590387694560278 0.0669841638009639 0.0034121629987150953 0.9975558609188423
9.501123598424927 -0.426502955720898 -2.8762532320701455 0.019929121116738127 0.06523958231800382 0.004276312963088056 0.9976614356473485
9.62966600366552 -0.38829757671071397 -2.9545283845764096 0.018546758900727992 0.06612644940338495 0.00504223327224095 0.9976261255135654
9.769863563627682 -0.34153177420676833 -3.0131027399111594 0.017551302946842075 0.06629465815488028 0.005893337777960255 0.9976283068532241
9.915936605714084 -0.26176993331479 -3.055236381440241 0.01736050563921865 0.06594242618179477 0.0072000419381998 0.997646414652655
10.033770872843485 -0.20621992068281036 -3.114421054871758 0.016744138218521915 0.06600068364120833 0.008517988922478884 0.997642715333966
10.121324688346736 -0.160944960600284 -3.1690034413784107 0.01597190406367406 0.06652711135747404 0.009989528114336484 0.9976067617368398
10.330233087771742 -0.050664091196171296 -3.1655683952091644 0.017645604281542306 0.06379981379535288 0.010977300935740333 0.9977463180956289
10.479593854852126 -0.011738673381458228 -3.152687025855144 0.017736514290411256 0.06188523322828515 0.012140758105115224 0.9978518106220682
10.601205125091987 0.07746092986095278 -3.1728948305373224 0.019551253676034365 0.06029056618494027 0.01359942561473257 0.9978967139597885
10.747282157848845 0.12977672278043215 -3.2128131328855836 0.021561208184685658 0.057957734689554855 0.016041937722107057 0.9979572493475819
10.848587407812854 0.1271205061642156 -3.1931737558318023 0.02327627532862165 0.05566664050175387 0.015906379182991752 0.9980513149349394
10.949241508523157 0.06588073807797226 -3.1668803170641113 0.023810943113339065 0.05340029365391155 0.015458982828728577 0.9981695584797357
11.013991044080194 0.04520715732464549 -3.182842890485571 0.02557355368206891 0.05180033084912025 0.015186934261955026 0.9982144439466477
11.087413000001957 0.0012535014363615864 -3.2013058556206753 0.02643979185784099 0.050237549730837924 0.01487140626054618 0.9982764984108308
11.157374532373737 -0.08051919044845157 -3.224630495724407 0.026720666250079197 0.049209696547515204 0.01364850475066107 0.9983376833912083
11.227778366730954 -0.13240100319051268 -3.259291594474371 0.027311212239201164 0.04857695034426845 0.012486594799471765 0.9983678993895936
11.309088501594724 -0.17134154283971315 -3.295148860378367 0.027967821003145862 0.04795875022915191 0.011282872943494166 0.9983939383043824
11.38653699008215 -0.31375955630834573 -3.324361767644205 0.026107599414192047 0.047761554076389795 0.009551309459215078 0.9984718321979096
11.561229195721767 -0.362101827471847 -3.2933313994020716 0.026208884514944346 0.045353070185859205 0.00825946871342867 0.9985929974588099
11.685487708496511 -0.43275667036918575 -3.29662985779738 0.025756526111388824 0.0443840863619981 0.006787575023891969 0.998659392919217
11.798398248207176 -0.49011226215285597 -3.30753642333965 0.02554747345450377 0.043715844855779805 0.005252367748513522 0.9987034916038249
11.902869155153176 -0.5392344279797517 -3.329039305656472 0.025608261464445736 0.043165958276033804 0.0035600553024347837 0.9987333192585115
12.01614479414408 -0.5582996795842191 -3.333710059753441 0.026388334270282723 0.04200276109978967 0.0022701006328623543 0.998766374342644
12.125879413344249 -0.5794094648316129 -3.3338150871656285 0.02708792670931799 0.04082254783873348 0.0009238421415345853 0.9987987336446931
12.237917640506819 -0.596702231665604 -3.320573503928319 0.02797236123210159 0.03925293736318116 -0.0004601211414697473 0.9988375955098998
12.41966910865083 -0.6743240857979864 -3.3117886360340676 0.02843538620350771 0.0369523225705539 -0.0031256232758539383 0.9989074957908948
12.513175222649341 -0.7305159230534795 -3.290643637581954 0.027946389950102866 0.03559334133390124 -0.004076091898258441 0.9989672160868354
12.609049947929316 -0.7289267277525961 -3.277766394529088 0.028871967001933854 0.03435363980519685 -0.004724126857629886 0.9989814410583447
12.68765277224154 -0.7420444409659288 -3.2653926526230292 0.029333149874039472 0.033529057634665856 -0.005074131652042649 0.9989943051892619
12.788117889568337 -0.7820558163191939 -3.241106870871814 0.029148150784016374 0.032333035070901434 -0.005499357008382106 0.9990368948249461
12.885364684324097 -0.8256479677359507 -3.233936650610176 0.028310369533089037 0.03149012188001467 -0.005293683322561983 0.999089021117619
13.018593116920956 -0.8839552377487515 -3.208055899028413 0.026677547080905202 0.030165365930072362 -0.004659654543211218 0.9991779855459131
13.109292219864395 -0.9043494184974818 -3.222721859927521 0.025747093167974428 0.030281473139427372 -0.003792286416016379 0.999202551108455
13.22314139151912 -0.9322377673305725 -3.2277385589300045 0.02447820686576271 0.030292148792809545 -0.002870353924724423 0.9992371911505786
13.356554353188066 -0.9430459209704191 -3.2363992950511036 0.023237598567827727 0.030195460172617688 -0.001535489655096309 0.9992726807379873
13.462169275770306 -0.907558805533594 -3.2707312873816123 0.02289811953493407 0.031252740462982515 0.00024217224039706423 0.9992491599635815
13.745291787674955 -0.849605624794394 -3.3142820747189763 0.021338545146068037 0.032568160795372225 0.0044623612633741625 0.9992317392504159
13.930528746447745 -0.7418771838843308 -3.3320022027975016 0.022156758565180797 0.03228978606895878 0.007327803387106063 0.9992060603614377
14.056640092475693 -0.7337330817762246 -3.3901215390774904 0.020548079195689052 0.03412190922140515 0.00980380211708273 0.9991583243993432
14.235698149165696 -0.6155760457789012 -3.420088236488254 0.021527892828131775 0.034921483063633234 0.013064799024447456 0.9990727455383155
14.449355742844634 -0.5769862010321529 -3.4403500649027285 0.02056516617367912 0.03524717125227932 0.01597537830475088 0.9990392875893228
14.571576659710109 -0.5576629928003147 -3.521951476088038 0.018888871953185723 0.03851480795186953 0.019064398963818303 0.9988975767199133
14.749105496377176 -0.507534380034696 -3.5924519165941278 0.01765579092643143 0.040427198575356975 0.022066834363468815 0.9987827438854188
14.919723311369824 -0.5001398250824952 -3.656997505515906 0.015134357233251362 0.04285308113269525 0.0250169097585238 0.9986534528527424
15.124647127144177 -0.4188400002189021 -3.7336468400259304 0.014458377122624964 0.04492541879977376 0.02773308149091519 0.9985006451012753
15.425252102154271 -0.4121481452904508 -3.7408462867498002 0.012089439542975018 0.04519935113416868 0.029816552750571674 0.998459732433241
15.54370663432031 -0.36683590183168285 -3.9260096168301866 0.01062551644877541 0.05106668739551289 0.031738108182556186 0.9981342516553764
16.09980963480457 -0.29699598743901623 -4.074999193969873 0.006815361553152872 0.05478668530323615 0.035212467257573925 0.997853722802104
16.203720998957174 -0.2737364046456571 -4.281483951158186 0.005629792361002625 0.0612884079355971 0.036083540862914966 0.9974517605225258
16.513587157504002 -0.26689163425312107 -4.337325048653462 0.004447352691761132 0.06285375896335185 0.03620040085988452 0.9973560833602989
16.790960021341512 -0.21942897660840105 -4.400542343796086 0.004902830221613037 0.06511581081946434 0.036040505442225826 0.9972146084993996
16.909200320300467 -0.17208556981463835 -4.606770410284438 0.0057562906235509225 0.0712754705212067 0.035717011870661605 0.9968003649092775
17.092156549934476 -0.2516208817727358 -4.760122884186491 0.004285405629635067 0.07627184762583268 0.03437034177573042 0.9964852834661185
17.283139632501523 -0.4504435592398004 -4.937422076193324 0.0001596486672289451 0.08083371461535573 0.032533609536228504 0.9961964913330756
17.426213283337585 -0.39308347876796895 -5.138522315396113 0.0022013739438447887 0.08631404401151739 0.03151944348794393 0.9957668223240557
17.716719821889544 -0.389291614225601 -5.214159455793217 0.00393942958053937 0.08801680122778088 0.029376265758505906 0.995677939198361
18.010230944875918 -0.4522364901342963 -5.272953942113872 0.004443265198609529 0.08971572247506415 0.026798099224875638 0.9955969106084479
18.245175219874803 -0.5315340861979363 -5.414765924756449 0.004565727222958323 0.09256574490697661 0.02428283834573388 0.9953999602002288
18.46580562962292 -0.5218993715364669 -5.552623769314507 0.006961013218945443 0.09591696172744353 0.02205289456659594 0.9951206713706516
18.72830266563446 -0.6294806575916688 -5.653027940922891 0.007371476081069364 0.09783386616918494 0.018891436354400572 0.9949961354715122
18.92119818641813 -0.73257586647283 -5.811564160540276 0.007501740780847342 0.10139790576926283 0.016362913655079664 0.9946830870420895
19.242381173475177 -0.6723189605158213 -5.842353695554846 0.01286464889791064 0.10127533433344332 0.013242433686583675 0.9946871093034428
19.476717869783403 -0.7855820821555274 -5.92244169065367 0.013565237484758285 0.10303647409919371 0.010462935000955164 0.9945300379216075
19.83238294032957 -0.8693128093133111 -6.177874215333297 0.017967314670213612 0.10864825343298098 0.006811956445768307 0.9938945265363348
19.942416209366264 -0.7964996646023489 -6.361035464109182 0.022537790679279156 0.11289956588746929 0.005943522103673546 0.9933329807062288
20.057147175828522 -0.8341189999250971 -6.527302949872265 0.024112334138073684 0.11695109592067568 0.00545704830743713 0.9928299235665377
20.347738486269083 -0.9567592916565778 -6.538368899754411 0.024076536334343944 0.11664932353414222 0.004496767786878552 0.9928711068394723
20.47127454520223 -0.9524285113566076 -6.685648945268645 0.026392703273633477 0.12020179023365662 0.00422901455105351 0.9923895758594308
20.60302698369313 -0.984009170801657 -6.843991014032181 0.02791393907901543 0.12344847369545973 0.003802449161210672 0.9919510208310341
20.70223690364326 -1.0376511183782804 -7.011571613911554 0.027855855334602355 0.12718676349003846 0.004062379051467687 0.9914792360876494
20.79868693641117 -1.067811571167808 -7.1884347406869935 0.027843638627036465 0.1308971714575157 0.0045751778980304345 0.9909943138281018
20.86875627799807 -1.040994556990302 -7.375432950951405 0.028340428651847643 0.13477207030821997 0.005365429861505587 0.990456723603342
21.346496504771256 -1.1373101786511808 -7.2026598578135035 0.02696552148534228 0.1290663018809968 0.00483817588071167 0.9912574551668877
21.52742884089719 -1.038700949252508 -7.285124143864545 0.02829845245642051 0.12978081234893082 0.0058068569513553304 0.9911217981393456
21.788955902645064 -0.9648575197857586 -7.492193574279866 0.026332615325412565 0.13275893005584483 0.008104967676049483 0.9907653452556369
21.961978368844704 -0.9762954610534033 -7.52528962776398 0.02351081589138271 0.13285501202116887 0.009440364543487309 0.990811620255971
22.228694698094678 -0.7980998605061876 -7.491880273363722 0.0255530097226523 0.13002833038116005 0.010554767271619863 0.9911247519259339
22.434826579133187 -0.8036114969613402 -7.461579527003346 0.02276009358171203 0.1287050024824189 0.01162073971850978 0.9913535993199132
22.581748011228804 -0.565671678128519 -7.512181729070077 0.02544970911091883 0.12820553568905588 0.013206506655208049 0.991333062651911
22.64973536467562 -0.4864869012815374 -7.6029556800385985 0.023983127715806508 0.1293255689684314 0.014705468187893382 0.9912030347014348
22.842491445162853 -0.3761773674766008 -7.555909608518568 0.023011258295010342 0.1274088708026627 0.016456167983009785 0.9914467490328392
22.950006604753053 -0.2177540538010435 -7.571322603898506 0.02287790201179276 0.127029016993047 0.018611444225997482 0.99146046042449
23.075058488663235 -0.07864779733466358 -7.553965328685365 0.02250242209508173 0.125920367809897 0.020723167012632115 0.991568581752892
23.233594759693794 0.02349898181699527 -7.4740951378782645 0.02180098698728266 0.12350486735438879 0.02235763147216687 0.9918525097115548
23.35203369974804 0.15271493973357647 -7.409919980900211 0.021578533849081347 0.1215089525643591 0.024280138139341895 0.9920586757927027
23.48485812308065 0.29262385889342446 -7.2934829704091975 0.022397305276535096 0.11856312660612203 0.025938527686017426 0.9923549458269516
23.692800970038235 0.48634821855639826 -7.066807220855856 0.0242091371019189 0.11263892293166318 0.028460454089502683 0.9929332269969591
23.761230920061802 0.5865641810040243 -6.97099931501267 0.026073470913240946 0.11014287242759178 0.029368560070754356 0.993139571987395
23.895289995547163 0.6720197689389605 -6.7935005166234514 0.028473942773064857 0.10585535385556566 0.030038249306072313 0.9935197945797031
23.95271403720127 0.7050577961671739 -6.6967398323307075 0.030424247167768186 0.10340443151434997 0.03023308325232533 0.993714168865739
24.032945128752022 0.7038767299104135 -6.588405477977759 0.03227933466691598 0.10053357890181343 0.03006814070215499 0.9939552057217516
24.040140482922197 0.6445938726400614 -6.578288655226911 0.033251255597619336 0.09995870325658045 0.02925248442045945 0.9940054847935577
24.130335806620373 0.5841339346775803 -6.503730454447115 0.03464867482347662 0.09787490243007857 0.028061478920001142 0.9941994398550534
24.190102637081345 0.454105292324518 -6.491949740358186 0.03433454159418614 0.0971312862820407 0.02641759996744757 0.9943282973398038
24.27296314406062 0.35635237943253223 -6.471073390938911 0.03491572090759192 0.09626852467904702 0.024504868623218528 0.994440935904884
24.36235397602329 0.21423602863970698 -6.461530921185933 0.034796446656928055 0.09561141345652595 0.02208112545955815 0.9945652762968029
24.451953316801877 0.06687592023136425 -6.471701741572687 0.03454947839105918 0.09542136086753426 0.019390829346220866 0.9946482258418597
24.555584581789844 -0.09539926157305806 -6.47249391216443 0.03366492935478984 0.09516183991146775 0.016714410462178846 0.9947519918246472
24.602749354020236 -0.26200402609485535 -6.5621044306254195 0.03321472606190223 0.09649422468150609 0.013433347477739443 0.9946884898053713
24.78420636935155 -0.599462027707304 -6.632247352910895 0.030132904728349813 0.09753401431664298 0.007811833851613763 0.994745243444666
25.100409234257857 -0.9471382229089794 -6.360908934630492 0.022798955827514497 0.09389345398700354 0.0055692649315872665 0.9953055863400382
25.223642680052563 -1.0795679901024755 -6.3828479097103425 0.020949030561641373 0.0941028499575524 0.0032507703157994903 0.9953367391193533
25.45301623279739 -1.246506550047126 -6.286868556254412 0.017056921036072748 0.09223121687468004 0.0016617406326398215 0.9955901278621915
25.54480747896241 -1.3053757918389461 -6.380775396531003 0.015370166435726982 0.09384516854378613 0.0003545756784569515 0.9954680891926243
25.63573213482597 -1.3738100205442954 -6.490721718844709 0.012815622364174242 0.09574192474868995 -0.0006844079743565798 0.9953234525793913
25.877603484027954 -1.4196095577012358 -6.459100184760099 0.010006991002415594 0.09456923291109004 -0.0012468882655759458 0.9954672096997162
25.978255666559182 -1.4270375976957903 -6.584232790954505 0.007564046134086086 0.09679172177928505 -0.0014196911819524811 0.9952749028675599
26.217592845065013 -1.3930995693608275 -6.551678219561953 0.005468246439546837 0.09576237863208147 -0.0008947851961947981 0.9953888006598501
26.35461257300753 -1.319093102558015 -6.635878124548109 0.004289273658957546 0.09706836057056019 -0.0001491741817441723 0.9952684629057056
26.509835327398644 -1.313467913995479 -6.691630443532737 0.0012268596831771887 0.09798458557837875 0.0006380424803974923 0.9951869717325205
26.667216984211297 -1.2531721259522703 -6.746499006377119 -0.00033711112499714514 0.09879816016587185 0.0014798048563919857 0.995106336067415
26.805245478655607 -1.1635720672964585 -6.820564982001647 -0.0016444316943051021 0.09994369077549686 0.0026924572057955773 0.9949880929904487
26.922446468420247 -1.110119698684231 -6.907030359390618 -0.0037991162378587444 0.10155547842206963 0.0038892949857585167 0.9948150204449013
27.118865966051477 -1.0075229425803132 -6.910024253464535 -0.004641985741003827 0.10131585500357303 0.005198355802741656 0.9948298983194179
27.417121733762738 -0.8115349873167877 -6.997597831760716 -0.006428200520892686 0.10287441641839015 0.008247768265016832 0.9946393854072367
27.616305171685205 -0.669319516335169 -6.971273400154429 -0.006374913427761884 0.10235407363772547 0.01024697628021271 0.9946748230279403
27.723418663756256 -0.5743914111533375 -7.053380689919525 -0.007208323667557207 0.10398236981338689 0.012180354671014254 0.9944784290259815
27.88825668849978 -0.44072100963484884 -7.049162794005971 -0.007156870984340043 0.10403906698859539 0.014352304193245619 0.9944438964075353
28.033718859220734 -0.30450056236863215 -7.06835658759292 -0.006443011779181653 0.10449305925101406 0.016307069125607497 0.994371041243715
28.183861315039806 -0.2591582673335138 -7.055372859053173 -0.007867813260381454 0.10479521964947594 0.018164578309427276 0.9942967904745336
28.302970813508367 -0.10307395486869321 -7.080279384215228 -0.006868682364326656 0.10536856670602622 0.0204955670800359 0.9941982790585404
28.464633567271317 -0.01415165704026577 -7.026357819733578 -0.007138526062372857 0.10475998422791752 0.022520352344284983 0.9942168882494968
28.620763945140613 0.07529714397796361 -6.9700618576149 -0.00694096945164953 0.10406779720455613 0.024294981461115833 0.994249199347863
28.73742027514421 0.1944954284248696 -6.94629096342277 -0.006168504817021957 0.10396986454068871 0.02624537622731797 0.9942149652074243
28.835539522758047 0.2594568560358456 -6.942637322335106 -0.0063354142680471254 0.10421774237745876 0.027779294237363365 0.994146284764708
28.973108320296365 0.29866514475071654 -6.86999458085638 -0.006503442451996715 0.1035085883880912 0.028802233216249844 0.9941901773443222
29.11479361803765 0.351675662309979 -6.796463986356139 -0.005889574995220173 0.10263826215279108 0.029546169976882548 0.9942624019283479
29.376599310067657 0.34591889115950936 -6.674701740808065 -0.004731261789078439 0.10146165288471262 0.029372869643573808 0.9943944804174483
29.517101746761057 0.29081329736887385 -6.58253926652176 -0.003931140202190762 0.10049877232272869 0.02833082813755391 0.9945259710411666
29.630035455883508 0.2426765998807191 -6.5419429780849585 -0.0034196007265137334 0.1002599817463538 0.027621126504188877 0.9945719258865754
29.761965588697027 0.1792648949378737 -6.469511084111629 -0.00249398938185705 0.09950704192876636 0.02640251531665082 0.9946833847051553
29.90240627246254 0.09642530139894799 -6.392716089453847 -0.0018948361103074554 0.09865409305836673 0.02509182570994925 0.9948035885547899
30.033827016092975 -0.002460038566292442 -6.320727220177544 -0.0010596519836247264 0.09794091282413199 0.023396627128854985 0.9949166058378173
30.118449489158092 -0.0793410033313817 -6.308767100759869 -0.00015888658945842506 0.0983454500852628 0.02206226233834283 0.994907736316837
30.266847802706188 -0.20616924471319573 -6.206563507368656 0.000487322758366608 0.0971716910728336 0.020036929953609606 0.9950658000396804
30.423469365950353 -0.3494125452328982 -6.089356611223789 0.0011398180901801278 0.09581498753553795 0.01784233240289292 0.9952385845377533
30.550270192928547 -0.4474347185979338 -6.017396831389241 0.0027861998062764055 0.0953508769965504 0.01603388290496008 0.995310686140573
30.667629801429147 -0.541937212816627 -5.970070796590581 0.00442549845375955 0.09530196261171445 0.014441626532431515 0.995333808482807
30.90924033141448 -0.7309550308574863 -5.890993103094895 0.007220070332062589 0.09565439706469511 0.012091537310973628 0.995314976091512
31.044855667715847 -0.7809511111968768 -5.834541045272036 0.009166251143519526 0.09550992070638895 0.011382014844653884 0.9953211967122519
31.10950385491331 -0.8651567775476929 -5.861143994133547 0.008796012065936767 0.09728757835039673 0.01156538250331413 0.9951502395105993
31.21491015344003 -0.9123902050221985 -5.8414678856356 0.009512759807541363 0.0977584712368162 0.011633110250216284 0.9950967085907736
31.35090803159879 -0.952802995525084 -5.786526535134734 0.00995531707308439 0.0977228603680337 0.011873183548607506 0.9950930417483007
31.44466374801219 -0.9625097888061313 -5.785002055841968 0.010473636113911214 0.09853510320350027 0.012422236606718175 0.9950009167940076
31.542738143081877 -0.9468536336942756 -5.775884105343695 0.011352470590597755 0.09923476229904392 0.01312373106025843 0.9949127353924061
31.66516578647043 -0.9472851447799588 -5.7268535299222885 0.011690612590507899 0.09936186134555958 0.013851350090655783 0.9948862699765589
31.769370672072704 -0.9192633198321049 -5.7072215915827735 0.012274204922304594 0.09983502661070037 0.014851925199287536 0.9948174363535457
31.88483657045214 -0.898634360810819 -5.66776375297474 0.012528248185023357 0.10006003253978943 0.015830472689125127 0.9947765724121118
32.01281078321215 -0.8736619921903475 -5.599902250918368 0.012492420857290767 0.09996465630982064 0.0170764921450403 0.9947660027996555
32.132617341158145 -0.8237662619878503 -5.540346405210658 0.01309473016045546 0.09985022142576033 0.018375929338489215 0.9947465941355107
32.41869140166606 -0.8019130203751659 -5.235915579345552 0.014215512824267678 0.09551852524270939 0.018994821108945938 0.9951448775437877
32.67804898474856 -0.6929976258117173 -5.018881063932944 0.01593999491183502 0.09379227155443508 0.021990335931431283 0.9952212575525567
32.80602695591867 -0.6227289033758595 -4.882508843028145 0.01768019934598106 0.09250938698258722 0.023502358818424784 0.9952773799304203
32.96987574549376 -0.5827021749673514 -4.671254925578664 0.018802930010808686 0.09010833108338819 0.025063942234460908 0.9954389671356264
33.00158297842474 -0.5135755998264767 -4.6381272265263 0.020755814888823488 0.090545335301805 0.026786635210241185 0.9953156356540863
33.10262261816635 -0.4698571106371851 -4.492749976558893 0.023198612351361638 0.08893816130108363 0.027997683286054818 0.9953732755001852
33.16418448696109 -0.4558095178632516 -4.414070360714443 0.02489880169386982 0.08830911705278117 0.0291480529776167 0.9953551831015809
33.190386620820796 -0.46561351293415876 -4.404217271265586 0.02712988971541033 0.08898595146975584 0.02952708823783547 0.9952254119470859
33.260159551888655 -0.5371295570992952 -4.364375402376822 0.027877631468999617 0.08894940944088511 0.02950525119016768 0.9952086617267766
33.33131444222254 -0.6006617120622577 -4.354123130804944 0.029317253079801674 0.08932497448585809 0.028915381327504455 0.9951509676062424
33.486146155097586 -0.7469450754732395 -4.236791525367504 0.029174073619210063 0.08817478058947596 0.02776644813522508 0.9952904630581028
33.61278832052372 -0.905494742460056 -4.1785218505688535 0.029111552965399533 0.08798359484729183 0.02619946705774088 0.9953516928440825
33.68036264793658 -1.0266329113709611 -4.2173893283669015 0.030149775151640742 0.08931495518349139 0.024445434867511943 0.995246828959035
33.82346477521671 -1.231239762335351 -4.136975415122457 0.028108605649534178 0.08878870993507389 0.022891142622057353 0.9953906101957969
34.048368481484005 -1.5453497659618454 -4.027387460189286 0.02583737496235201 0.08831463577999707 0.019227043789484873 0.9955718336459799
34.337735517119334 -1.8534610743661157 -3.6775295423178123 0.021210471564957714 0.08297844761609655 0.016316929197835152 0.9961919749469816
34.452378705636484 -1.9738910789460766 -3.548962167936804 0.019261234375332004 0.08158060660343724 0.014460732215577067 0.996375680504268
34.7415880803314 -2.1325702958481663 -3.14273627285224 0.01771501411007486 0.07528409168887329 0.011526173219351976 0.9969381280423468
34.85480291967367 -2.2111980720842515 -2.999570446361853 0.015419690308299698 0.0737704603620596 0.010026829007226241 0.9971056187931275
34.9465309596486 -2.280552353465276 -2.9164235982101685 0.012578643803269847 0.07323523742048038 0.008891176543194568 0.9971957303858225
35.021410847984626 -2.2873107881750343 -2.8914513397773973 0.011542235565424596 0.07351753545255367 0.007910240040260452 0.9971957565501571
35.144162089030544 -2.28573588130002 -2.814963700909597 0.010028960211465503 0.0730978967474087 0.0073452616203146595 0.9972472935936758
35.45316314016041 -2.263049824316349 -2.466451052315513 0.009506832446920861 0.06787264660160032 0.006601709403997585 0.9976268547974566
35.613781802551294 -2.2100238115143034 -2.3514892109741887 0.008596340032921226 0.06698207211234082 0.00673723500738626 0.9976943994119797
35.73767820161459 -2.183036186170019 -2.3129011704184155 0.006589228739277007 0.06715241601854666 0.007049135974850906 0.9976960683341904
36.05533648144482 -2.0552663603518773 -2.1209399099081385 0.004080764104741206 0.06596852611696545 0.008367307615517214 0.9977782765171549
36.20178224779277 -1.9288362693602705 -2.0657645368797692 0.004083216611947643 0.06598237319078662 0.009431345237196046 0.997767860525297
36.3427650982035 -1.7955793918910272 -2.0231440451440377 0.004484621823885587 0.06617312278127559 0.01066127105170395 0.9977411203754374
36.51619362386467 -1.6712157525247164 -1.9144591788984429 0.004787648015994809 0.0653913660961962 0.011967938149832958 0.997776435942937
36.66884411664152 -1.553361373017816 -1.8426287669773345 0.0049329912010401865 0.065189975022498 0.013406438807969295 0.9977706149976882
36.78347381978992 -1.4551494208270548 -1.838379590357393 0.0040996194275088015 0.06599431785378279 0.01515583067981463 0.9976964688360725
36.946017300026206 -1.331054118670887 -1.733469885852282 0.005102546747570619 0.06528642415571075 0.01665066038114379 0.9977145896229649
37.119063932073296 -1.219387071836008 -1.58827448774239 0.005862320900452513 0.06413201566141005 0.018273046082490106 0.997756891004884
37.249988821490035 -1.121297918473841 -1.5072097421606514 0.007454618095868711 0.0637749058817229 0.019536384885506276 0.99774521783591
37.406438326299295 -1.0822785204565943 -1.366858271749756 0.008590910961269242 0.06258051507168436 0.020369530280056333 0.9977950479023175
37.43744578747354 -1.0439695030745375 -1.4352766353381547 0.009689517239936449 0.06460208345506013 0.021380841782820986 0.9976349751655564
37.57641586080416 -1.0348302314248559 -1.310329149815609 0.011641853571623544 0.06366072580486531 0.02156148874181359 0.9976707279652196
37.68248013974469 -1.0625046684052015 -1.2503025784979491 0.012672231863599009 0.06352594851417984 0.021665273712330867 0.9976645149146774
37.82108404829124 -1.1138566076919918 -1.1490846652252162 0.013456138689923047 0.06298292465027963 0.021577299991723396 0.9976905851310425
37.94821027074074 -1.1552971488978747 -1.0922455639839999 0.014927734292029721 0.06294193669048766 0.02133854263056016 0.9976773736799692
38.03537534857053 -1.230630904963259 -1.1391198038102555 0.015591410634327271 0.0642867570655881 0.02097044263589434 0.9975892748601883
38.114457228487176 -1.3508543510931852 -1.2068044867818115 0.014569967331518682 0.06649695135310098 0.020836357238785765 0.9974626397663822
38.359984422544194 -1.4328364068196247 -1.2898427902491065 0.017046650408421155 0.06881647255407594 0.020274941193803908 0.9972776100838998
38.528390200961994 -1.5491864041427177 -1.2530289712354254 0.01748034749678774 0.06907078468837277 0.019364099347774007 0.9972706231562091
38.77110915200914 -1.6697478123330747 -1.0688963220760912 0.016126489651342796 0.0674838076657198 0.019147023457024084 0.9974062680408609
38.88612192768197 -1.7559099159895901 -1.1282401593174036 0.01733066721667064 0.06869884315107018 0.0182162549548734 0.9973205527707472
39.03357130349844 -1.9117803845035946 -1.0861438697570662 0.015533163531494556 0.06879804620680578 0.01759675248708923 0.9973544525246469
39.12247682563122 -1.9936452212930302 -1.1455008955130288 0.015608706389818561 0.07017546183761196 0.016984954172505205 0.9972679099281557
39.32528996310485 -2.118328621155626 -0.9848768201629731 0.014728408432583046 0.06850489678162938 0.01614600148085444 0.9974113793907514
39.47300726232764 -2.199935706689838 -0.924117028183145 0.01434949758460389 0.06824397777580378 0.015463452677345278 0.9974456040545272
39.56046485090766 -2.2718026803458247 -0.9804954911218468 0.013332106461616552 0.06963394916474007 0.015039338412918421 0.9973701350858266
39.70708562720385 -2.326401782660657 -0.9241594650591681 0.01282790653614588 0.06960814562371405 0.014577041630684455 0.9973854123326775
39.88933842795893 -2.314064132581712 -0.8195508581062942 0.013138782671083779 0.06875661312963328 0.014561849189451918 0.9974406514119262
40.03445907012809 -2.3451867081653743 -0.7749751774517368 0.01198375350756986 0.06885749604261748 0.0146812198921654 0.9974464881250967
40.435365004637596 -2.357366315435064 -0.4661685837393634 0.011363446164076346 0.06605065216388399 0.014774189067654953 0.9976421737163054
40.53836768932249 -2.2591965658656825 -0.5068114887851661 0.012585981959104875 0.06709644576267511 0.015517858479301636 0.9975464180138977
40.682254676098644 -2.1717645694299144 -0.4529678702108585 0.013290451452504431 0.06698392401545242 0.016332348019363865 0.997531840209552
40.80650649355056 -2.097271029471 -0.43542036856355104 0.01341633458127456 0.06726208392877633 0.01730271873752129 0.9974950776601615
40.9734615925856 -2.0839257508539757 -0.3132432959693952 0.01227094921889618 0.06649902397662026 0.018091852109486762 0.9975469856115413
41.12865206264172 -1.9596677291731779 -0.20786684044601964 0.013435857412632148 0.06578763681659705 0.019325828336153168 0.9975560019050542
41.247073666043406 -1.9011564943082029 -0.169147535575282 0.01360092342690398 0.06590063896975352 0.020194929055193326 0.9975290900549063
41.358616921574196 -1.7981446741323184 -0.1472372176614606 0.015182916693919784 0.06601541643362631 0.02105842596965788 0.9974808201311145
41.54005050583764 -1.842789955608273 0.03542207864938027 0.013755535900738532 0.06449470458751318 0.02150481060374546 0.9975914802328406
41.66319645837416 -1.8155039774811745 0.08840155874256013 0.015114551455570939 0.06444419546076548 0.021703163095689867 0.9975707838130352
41.81043143916635 -1.8663321727164173 0.18498020206054863 0.014531556682926553 0.0639073330643458 0.021780141526510175 0.9976123054955061
42.08419360720784 -2.001233557742481 0.2869328493485551 0.013721910738047958 0.06386055416515911 0.021464709710065807 0.9976336025938973
42.220379904743695 -2.0788326672101096 0.3180124416317315 0.014527620009054632 0.06402873723534933 0.020684340978655593 0.997627900122685
42.369901360251 -2.225116935553351 0.3576555664626536 0.014742738635121844 0.0640717847373368 0.019388016518531306 0.997648015521299
42.545477931939494 -2.380163643554986 0.44968309238249754 0.014289653031476574 0.06346949605061186 0.018297150835399408 0.9977137080137909
42.73942723733369 -2.483037807567957 0.5643240452437904 0.015545543569679849 0.06241725804376958 0.017188180684689705 0.9977810323002593
42.868177962123795 -2.5832913714561614 0.5439966025693865 0.015558823456010768 0.06317959595360507 0.016548672453770456 0.9977436560098099
43.040042928960276 -2.6163439914358797 0.583963912536534 0.017134577204979268 0.06286027217733021 0.01597790509717514 0.9977473121960811
43.24985554831105 -2.736014107787372 0.7192200016149495 0.01650157931727413 0.06169758424448668 0.015252067656601398 0.9978419115323973
43.328370261366516 -2.749443595502863 0.5731201188728363 0.016036716645272606 0.06408662732132787 0.015496967717903317 0.9976951297412285
43.501614629831494 -2.8802383484059164 0.6134974805745937 0.013447891931488735 0.0640928101040571 0.01515564609386987 0.9977382283379953
43.75798866456351 -2.9431300164310468 0.8322194589636612 0.012286960307251325 0.06194691942262643 0.014919051125182633 0.9978922946360388
43.85837858469464 -2.83640001809607 0.6974001697786699 0.013265336265055432 0.06368405299051459 0.015696039577548945 0.9977584911139851
44.04079623090829 -2.895104280722163 0.7796886763667658 0.009554666068500223 0.0635410217845367 0.016398961955946898 0.997798737698973
44.2391851735652 -2.9267475411824506 0.866817737751807 0.007315457203531965 0.06285547887529803 0.016818080124897092 0.9978541100993535
44.67258978545363 -2.67030627715669 1.221433022559316 0.011731864680898544 0.05960800095129566 0.018180803020211887 0.9979873285644661
44.79837958128351 -2.528127078994931 1.241073002424706 0.013701274689589886 0.05982493665927978 0.019224734628589958 0.9979296877055286
44.91968146285354 -2.4485372402982417 1.2746872369449176 0.014715542299256895 0.05974116956745249 0.02003887823343715 0.997904248328815
45.10467954121116 -2.372296698421795 1.488379572118245 0.0168413912708499 0.05764223546817009 0.020565708007795506 0.9979833625288712
45.22735561151174 -2.2882342909027296 1.5871665099276862 0.019409728854959556 0.056640487190674674 0.02112784309285447 0.9979823304461977
45.34522517663565 -2.2794956794110273 1.714581316525356 0.020535891225474633 0.0556314776319831 0.0214545953559304 0.9980095772116473
45.481239157961234 -2.1952141635108373 1.8981413658202724 0.02543167748551954 0.05382148161557852 0.02131199145489036 0.9979991367316923
45.63788916237029 -2.3296247500714355 2.106260352465144 0.024224654001296326 0.051848867550127506 0.0208995267266329 0.9981423099212304
45.7102191410883 -2.437615604773525 2.097183112779156 0.022904462765966083 0.05232126535203748 0.02067880226361474 0.9981534240357574
45.8350544747839 -2.579628091935692 2.194766938390277 0.022154660255147014 0.051622746803461454 0.01970859170827312 0.9982263442998893
45.94921210869003 -2.593453593013987 2.2244442759164555 0.02407704918884606 0.05136855895234484 0.018995392025124798 0.9982087667093138
46.10819077871683 -2.7898787036272163 2.347981349399751 0.021501555152066764 0.05047581003745063 0.01778294150073071 0.9983354359726431
46.24836524080794 -2.8518021253251225 2.398033040899541 0.021274780312318782 0.05034571151565801 0.017093049022695705 0.9983589137828902
46.56320993441269 -2.9713977096692163 2.481494036777865 0.01987916976164132 0.04991222390506281 0.015927323072366713 0.9984287199866534
46.711824481077095 -3.026025217738657 2.4858996406927227 0.019300114869324266 0.050091187250969116 0.01518223255901802 0.9984427266199816
46.80057248137053 -2.9943731275435166 2.3469758936381466 0.017738230422284444 0.0516574633535959 0.015522315562268277 0.998386658254678
46.97504208809457 -3.032056714831687 2.4624179916401885 0.01557626994883439 0.05103868018241181 0.01543446953203379 0.9984559129425712
47.096393500999405 -2.9921120891987205 2.3987584900448367 0.014718178599164756 0.05170505575350094 0.01560384017265495 0.9984320120068851
47.20168186057533 -2.971186442551831 2.3294132318826266 0.013948821655193887 0.05263253427125046 0.01559674164987857 0.9983947056953598
47.467607391176195 -2.957219952634042 2.64663460869604 0.014148536846459022 0.04940394732457949 0.01534006042787204 0.9985608401293953
47.588298512692305 -2.9373253369845234 2.6228855200657795 0.013133337841915416 0.04965514133326861 0.015448610560180523 0.9985605754324888
47.865453266452526 -2.96972926945896 3.0041124676986866 0.01114094386603463 0.04582409649048782 0.01559570705518076 0.9987656409148511
48.034826001679704 -2.915348548077966 3.0749520476450507 0.012789872074935022 0.045033028303738024 0.015397143941305005 0.9987849485712889
48.13341266365523 -2.889767108442084 3.011538153188247 0.010596433825253892 0.04631014793702332 0.01625728553502636 0.9987385976597033
48.28377976862224 -2.825291665209821 3.0322132788326597 0.010684725965597091 0.046229424223935806 0.01683850589780735 0.9987317666351125
48.423416237125224 -2.764125981464518 3.029406423094281 0.011578733669303875 0.046208662861624214 0.017153447271627074 0.9987174032977776
48.61553606993313 -2.7470178292418446 3.1519549935184457 0.011308627296307217 0.04502117293640793 0.01748105650301155 0.9987690531847899
48.91789574268538 -2.6849658964096417 3.1400462461088203 0.011880372522474696 0.04516816202333977 0.01821934716559068 0.9987425840911262
49.00721984231126 -2.6215278733136516 2.969132121826407 0.012616217263733704 0.046646395201227576 0.018817863044461664 0.9986545112836196
49.1300947280423 -2.629683427781499 2.8842972030226814 0.012931275274942537 0.04750100556790361 0.018724678564759845 0.998611948157265
49.32180728167855 -2.684469234906066 2.985352610214917 0.01223862293823589 0.04645564615831666 0.018493898508643192 0.9986741534487318
49.4814037152518 -2.6692137044320177 2.985289339630062 0.012921750109479166 0.046120905222851595 0.018436164293917787 0.9986821307711782
49.63340431839774 -2.612768251833788 2.959798050046098 0.014738373733468124 0.04598116687737489 0.018358711263015397 0.9986648438555594
49.808662762937665 -2.7392317867946 3.0533253728732466 0.01226680720828613 0.04508830653028939 0.017877299572012652 0.9987477019824165
49.94681170534601 -2.6960807672622056 2.9824971214327634 0.013108185572836151 0.04532427161165455 0.017888275427113885 0.9987261363737833
50.12446444815457 -2.832621105556316 3.032219775393908 0.009831216543832105 0.04465122916919974 0.017435957908434052 0.9988020836415807
50.36079998040973 -2.92049242663031 3.2006801562129468 0.00811242905056591 0.042794209979792906 0.01691138449286512 0.9989078281611569
50.46316611505234 -2.835575850666245 2.9698878667491337 0.008851969203400303 0.0447357384075249 0.01716664798286812 0.9988121257510783
50.66760859132616 -2.8856391716428433 3.0187822674487372 0.006971560760090606 0.04399721265963284 0.016933554660365294 0.998863803201075
50.8042554504683 -2.813794482898653 2.874579227461194 0.007775490872178281 0.045124002962524244 0.01704238287729301 0.9988057485238051
50.973370206935535 -2.809745077471421 2.823900934541868 0.005522852237629656 0.045496293677997963 0.017527373725122065 0.9987954628125953
51.34157403004853 -2.7394781899562286 2.7934694065386103 0.005883866184426698 0.045075231874365344 0.017560548933371094 0.9988119095762499
51.535127968377445 -2.753572693932994 2.8180476933932566 0.006279693854255841 0.04430366904632492 0.017122894494436554 0.998851619029705
51.68360548494666 -2.7183033008031754 2.7317097423092176 0.007111021412250377 0.044841420353582996 0.01699265545055839 0.9988242738619674
51.921397155581325 -2.825202041026117 2.9012129137145113 0.0041558664744144845 0.043223771027211234 0.016823426023401453 0.998915114876569
52.020075963594685 -2.761004002711329 2.614773998910688 0.004332716336148709 0.04535769621779355 0.017308162634612132 0.9988114609220193
52.18520367982208 -2.7046642913397227 2.575856800664637 0.00545472823897178 0.0452920892104926 0.017519020943663526 0.9988052645535882
52.4174379386902 -2.67276667010813 2.7306354648707822 0.006704810714508055 0.043189402869497 0.0175252264583795 0.9988906784181347
52.57959651368526 -2.664256948681373 2.7427908922475472 0.007066984617616838 0.042783751115804104 0.01757705224786303 0.9989047279911889
52.770460096835194 -2.5631030320500177 2.785214323527107 0.0077418300766458744 0.04176166796223529 0.01836301198091853 0.9989288397814255
52.83634415005844 -2.529544272575208 2.5298211672132807 0.007634086523839072 0.043948933280016644 0.018813104935986036 0.9988274521002928
53.10072199541426 -2.4230854073806793 2.454584481653958 0.0072260098645589525 0.04361654340509148 0.020075897256305594 0.9988204744958842
53.26605272231516 -2.3673225049861863 2.5375902205811443 0.00938440544777708 0.042179425715341674 0.020062181204790575 0.9988645242804561
53.31870980008807 -2.2586421355736186 2.363468312829419 0.011011094284309688 0.04341364392576865 0.02069794526178219 0.9987820615057565
53.46949258707311 -2.284295559795772 2.4711556811771134 0.011280396865432486 0.04188114889136071 0.020613324578660133 0.9988462408518705
53.643794806353384 -2.3433187214803954 2.6363127391594534 0.009600279043161021 0.03990356131352853 0.020808825521394132 0.9989407055562463
53.70245694054787 -2.3707136909866713 2.4777501457465836 0.00961889989057271 0.04091489140707205 0.020817488660950373 0.9988994346739285
53.870265928707866 -2.3724755960749184 2.6113659108204117 0.012607935728638291 0.03911369509259484 0.020250698564400163 0.998949982742139
54.05671216293942 -2.489996085776923 2.7883566019170978 0.011905112446597784 0.0367390497595744 0.019707577016766818 0.9990596188058677
54.147891490915626 -2.572528245758465 2.680641810800225 0.012212137065773548 0.037086206741404094 0.01921727867834284 0.99905263784148
54.22670949918064 -2.595789359304633 2.5119275160481394 0.013716156540697204 0.0379900657566398 0.01879999261891131 0.9990070981885395
54.28705940222336 -2.6215655627967283 2.2387014119665674 0.014120906952702966 0.0400787602759151 0.018620123012896735 0.9989232122543571
54.42839663291225 -2.73720940838685 2.1796424167858284 0.012827942635788868 0.04022269377232423 0.01808589210893301 0.9989446828028341
54.54579370036813 -2.8078817459905796 2.0318048792603887 0.013096616674000307 0.040920980452324604 0.017472395875503335 0.998923754534291
54.906267486918054 -2.922049701848372 2.0428578735290572 0.012002295373163802 0.03991001084381875 0.016669672726586347 0.998992121065732
55.03262826836023 -2.907776889964091 1.8585989534306304 0.012659953863039787 0.04083636052575663 0.01641628675688342 0.9989507609268397
55.20329907047423 -2.988343701428368 1.8689288100004129 0.008804337923736052 0.04067797836054276 0.01659613365359864 0.9989956726923175
55.34585475991239 -3.0200692262437525 1.7648060370258676 0.009861479645748919 0.040921617710799295 0.01571408455400787 0.998990110046019
55.513166167980344 -3.0460284352287887 1.7684255759804572 0.00942071811245451 0.04026923452479758 0.015335373556247011 0.9990267589704106
55.575528636221456 -3.057930409444167 1.4926826698517677 0.009778761674717877 0.04234515336642396 0.014765178086264527 0.9989460712784068
55.76975081588701 -3.0140817226541627 1.6218907720547258 0.009429757256440987 0.04068230136799612 0.014979514308222313 0.9990153373119843
55.96161290076454 -3.030806183253369 1.7506595870060448 0.007733573424879916 0.03908542976899576 0.015014905565759499 0.9990931256057697
56.076353120566324 -2.9956544313390783 1.6443296140976706 0.006202700071439274 0.03966436296998617 0.015407829758195499 0.9990750039932694
56.18939770174007 -2.922393459344609 1.4920077128906208 0.007417576250531054 0.04020053208659661 0.015282292549318727 0.9990472202638667
56.35464033808114 -2.8427350937216227 1.515360903786073 0.0057939529167191335 0.039688594510645145 0.016029493419111626 0.999066714947553
56.69808769943519 -2.674381848669061 2.055107894348887 0.006414710211696129 0.03361326507009557 0.016901423397637137 0.9992714054706866
56.82169289400802 -2.5429725254645987 1.966077108746959 0.006104721351767834 0.03407820671281067 0.01780388124910589 0.9992419276716344
56.97788684280176 -2.346981757663177 1.9649164372390449 0.007387973017886208 0.03340551784176363 0.018921019930054232 0.9992354498501427
57.31470479438455 -2.116112833496323 2.1216949723598857 0.00826306603673489 0.030953420556900216 0.02071975878719359 0.9992718844695375
57.499021800360154 -2.0215318271093623 2.237455055516967 0.009389820334811306 0.02951025523544708 0.021525537490499375 0.9992885605998719
57.61098393423568 -1.965809287232955 2.1364223266265987 0.009634496197913846 0.029960215489590693 0.022395102868162004 0.9992537322113709
57.81098058380105 -1.8558209791953901 2.387456536587972 0.011218159703901725 0.027194957545809927 0.02355149158305802 0.999289704951048
57.911793751313525 -1.7439297265050147 2.3701362846312177 0.015035442868814686 0.02655217171631101 0.024258356474063977 0.9992399360394195
57.98399308767724 -1.8381312393680536 2.295103673903445 0.014882488494784737 0.02669735442307026 0.02433988782052707 0.9992363747702021
58.03249029197087 -1.9383005618102085 2.104699267938241 0.015799187581247258 0.02777517929652799 0.02407017954181581 0.9991994553359419
58.15734541669774 -2.0875742707918343 2.106653714585034 0.017262543577533467 0.027121831729547553 0.023234610749113125 0.9992129721416777
58.43177132217816 -2.2928718419612393 2.544885647487604 0.01790951232532591 0.02252267642039861 0.022109399681128346 0.9993413595267991
58.550295190872816 -2.4559839565214627 2.420644510095223 0.019092879278845367 0.023097996422416847 0.02106943330330698 0.9993287864874058
58.62708373994205 -2.690704275153603 2.1068916750489404 0.017250785962661993 0.025347562647391422 0.020027117424413952 0.9993291880152284
58.83757366996195 -2.8339577665573388 2.2356426999784387 0.02213611002007159 0.023316896165421118 0.017955267655671837 0.9993217316509251
58.880158632441145 -2.9631682076652264 1.8302255487071193 0.021562870595885162 0.026423516894293526 0.01715363650426536 0.9992710308626392
59.14983837483185 -3.132335230139314 2.1610517188723852 0.021689273377473103 0.02266539520088239 0.015708321095637575 0.9993843624597601
59.130443170524444 -3.1717139761215694 1.540832143136857 0.02094025382674021 0.027659329298342375 0.015322826627608511 0.9992805803459696
59.36820771226953 -3.2983891614458285 1.1843217120561091 0.01598359512754569 0.029797256339022624 0.014748269182812574 0.9993193367275431
59.5078695075805 -3.3677980393102107 1.0454440097995972 0.013726690855129262 0.030689488040916913 0.014128336367014395 0.9993348404781326
59.575736295668214 -3.3359261825927162 0.6387705844332832 0.012204837350305016 0.033845154486198396 0.01398622896718827 0.9992546886866908
59.8892831744407 -3.366398462282872 0.9760033229759404 0.009298999923866184 0.03036096769557305 0.013641773814529823 0.9994026427062305
60.01597077117605 -3.218743916755711 0.6856577447554107 0.009900232822154697 0.03222811914098247 0.013701648287258091 0.9993375798802495
60.128768314916 -2.965323709778114 0.32745430571462897 0.008463967654277116 0.034851798079410266 0.01526410806711069 0.9992400714678604
60.391874602589894 -2.7515656565735545 0.48638530160845844 0.00687334419341658 0.03290380593021637 0.016601842158362506 0.9992969906548574
60.653886732943555 -2.4567411859996735 0.6654933694690758 0.007360626134280155 0.030725802798984476 0.018113486709839005 0.9993366038650249
60.75314560296306 -2.2024671373766984 0.3333768894360454 0.0056843940830017614 0.03312437756132409 0.019940831659935824 0.9992361214987147
61.06482460188735 -1.7628009412388166 0.19756999907762648 0.004676020352473835 0.03358786640800766 0.022546374373119803 0.9991704814827389
61.20033310355262 -1.5571125992632033 0.13937876111924313 0.005666040695530875 0.03341989382182371 0.023493760477605142 0.9991491629873868
61.33325990724179 -1.3896612905972359 0.1343873007558107 0.007410325882793207 0.0329729690217159 0.024067682790559198 0.9991389378005927
61.555555677507876 -1.2730637117923844 0.46422009194980207 0.0076014552498161626 0.029782590044496626 0.02478863573801477 0.99922006522416
61.64135170412221 -1.2320914914615322 0.3869727804900662 0.007330942710468315 0.030074115340910684 0.02510351306026433 0.9992054936285482
61.7805956217952 -1.2768565281598923 0.5140281943077807 0.007943951258632707 0.028696004580077553 0.02453672304668096 0.9992554138865954
61.81274535724645 -1.5950969833647022 0.27248753364855177 0.0048079400528627265 0.03121830838143896 0.022730005714054157 0.9992425370121553
61.97583739045565 -1.6505745916093304 0.5118182122434308 0.007697618039468189 0.028733739565783588 0.02171698384293525 0.9993215155793704
62.06169225517647 -1.7846398029095851 0.4788326465853695 0.008579321496455364 0.028572199283835257 0.020689127330073546 0.9993407750517664
62.173526065153645 -1.9428410074761278 0.5220678288442349 0.009904343069356463 0.02791221879038777 0.019441998688875247 0.999372213300702
62.27751689351035 -2.159715082174337 0.5083803519214279 0.012517031574886978 0.02776127914332955 0.01758372340777199 0.9993815327351203
62.32794585331563 -2.3329799892126384 0.27318195165897385 0.013935576517017077 0.029418179826122624 0.01658822668961471 0.9993323777093136
62.62774954436447 -2.725933533617991 0.46141615587054474 0.018531745479132434 0.02711768265547466 0.014192674792965689 0.9993596818358816
62.72940499183284 -2.8783243653724213 0.4072557602568627 0.023115903447441192 0.027068013651951925 0.012847241205254956 0.9992837064808774
62.86111830255518 -3.0574995091787462 0.4790637051159605 0.021060901438585473 0.026541390809109878 0.012934859857118683 0.9993421248026069
63.005447075335006 -3.1743143501773283 0.6204503694180733 0.021424032197926955 0.025190172914822825 0.012872036686904658 0.999370190021913
63.10670611411501 -3.2725067812399176 0.6322825892791897 0.021980622053939126 0.024812721457179 0.01271078282073013 0.9993696098581818
63.205624588326636 -3.366245400449648 0.5978723458800257 0.02164980599284689 0.024882212377245836 0.012633376923287292 0.999376084962613
63.34588482989848 -3.359327752750195 0.710993874977001 0.02533155065334902 0.02362971444632159 0.012228585073172657 0.9993249775942711
63.571459895941445 -3.3888238606732664 1.1340056317708496 0.022964788658137024 0.020205044007391166 0.01291385811020943 0.9994486514810332
63.69458904972724 -3.355281912963548 1.1531107259271678 0.02185127941343282 0.020049713896451132 0.013563848131718414 0.9994681348519953
63.708097456302276 -3.343496839109775 0.7295403663855563 0.019785784919668016 0.02341185895672559 0.014105795931703703 0.9994305549143653
63.89106071171834 -3.2523052053319117 0.9024192936009425 0.017761860604198303 0.022040687192536008 0.015260098626503179 0.9994827931514715
63.99233398658152 -3.070249245864586 0.7467604347351636 0.017578176993514223 0.02311154418693043 0.016550696946229963 0.9994413132593001
64.14866840250892 -2.8773879034789833 0.7718947687815662 0.017979817071819424 0.022763403569386637 0.017740552251589797 0.9994217460320792
64.23393989849231 -2.722985965741943 0.5251283909709074 0.015271046741936843 0.024835072919230865 0.019360988370572128 0.9993873955648114
64.46711711843125 -2.6303460584143843 0.8091254718227144 0.013075113621036596 0.022629014275978156 0.020452546156540928 0.999449179534612
64.84457781227039 -2.1631057287210798 1.041362905517784 0.01625289027415415 0.02019779995511413 0.023272182118349888 0.9993929647411772
65.08770744312422 -2.253820006585847 1.3784363811505507 0.016238245705920383 0.0173768255741704 0.022585412493326774 0.999461987497206
65.1771132695191 -2.2060936497772112 1.1514511044208284 0.017193222857493848 0.01917265793171583 0.022824123423289773 0.9994077554559823
65.30986363567297 -2.2747282080290803 1.101281792418921 0.018397911924572373 0.019362818099609866 0.022108668173888506 0.9993987216840103
65.46207899814625 -2.3793817164575035 1.1441494946217425 0.019518950936761446 0.018901016396772108 0.021157112846676582 0.9994068934670653
65.58229461523118 -2.576093269959043 1.0978673072495555 0.019644156954165312 0.01907926386040085 0.019705155687557332 0.9994307357828427
65.7060728674417 -2.7684916522133873 1.102045350871782 0.02002623582610303 0.018981191312245387 0.018257021250850793 0.9994525228494103
65.8654660769937 -2.9355938527128984 1.2839186102247602 0.019110379002232617 0.01738942219461021 0.017272960433429716 0.9995169064343004
65.90684245272749 -3.1046012651115524 1.0573934929513298 0.018236436612571353 0.019134993241129866 0.016101425299122958 0.9995208994896877
65.93800070643869 -3.170065351698999 0.7756170797173634 0.02056185336096808 0.021190667419671513 0.014937469116882384 0.9994523689586479
66.15066002343214 -3.313503102906619 1.1578876843388817 0.018852591451116986 0.01816717010813841 0.014183470615557515 0.9995565831343101
66.33087501157218 -3.3781855500273763 1.388456758416169 0.01797061608053037 0.016427409351432498 0.013804377943481981 0.9996082414272505
66.42904735639745 -3.4373474144854557 1.257695481793371 0.0155017666516595 0.017541215674640922 0.013771234261616533 0.9996311090048393
66.48119002095443 -3.287920798789454 0.8927159244587617 0.01600271543020697 0.02021107484606045 0.014610722658401671 0.999560879754618
66.91502515417186 -3.1178042656219707 1.452062790591486 0.014626142389350597 0.015794228255619415 0.01592248191247218 0.9996414821736656
66.9631670141623 -2.956678765162799 1.0688680561954873 0.013291946624765367 0.01890457966550178 0.017289752531370002 0.999583415968872
67.15229772747531 -2.839219594809281 1.2623482229850853 0.013363617759054739 0.01741591715718548 0.01809406037209111 0.9995952703615675
67.31814151271233 -2.642465242815676 1.3386149780466194 0.01444485303253003 0.01673932339965919 0.019282501317527057 0.9995695705732192
67.70613912308909 -2.57545124569979 2.326063653975797 0.014452141515284662 0.008387626555697436 0.019865378404154758 0.9996630182552739
67.83081837295751 -2.43133285152966 2.212052970057998 0.01391233638919479 0.009316326012178362 0.021338513343366956 0.9996320927291819
68.00423256230408 -2.282002454168017 2.2811597666137815 0.014815366780187963 0.008727665958226475 0.022604611037160192 0.9995966007915137
68.14231305571785 -2.2856591361496568 2.187126676422514 0.015477524578061702 0.009254785804007218 0.02274632445327525 0.9995786111639863
68.33992775765047 -2.326864616986661 2.3763858463131635 0.015327007287336365 0.007772227453694601 0.02272648499837371 0.9995940086893482
68.46744293270687 -2.3845685815620663 2.2401803866619834 0.014738302297520245 0.008769546085060908 0.02262625536000088 0.9995968837862755
68.58132647333053 -2.505237960795996 2.0080761469033583 0.014876561388296457 0.010418919177770535 0.021924017610870976 0.9995946535952588
68.8706000259647 -2.793326269389515 1.626470005698785 0.01844509417506659 0.01301619537389978 0.019627828360852077 0.9995524526070146
69.03149405758474 -3.004747257963256 1.4143673772431242 0.01945525452245818 0.014407774593722873 0.018279597969039135 0.9995397767977086
69.32580333209984 -3.2679056612180806 1.6349768923918964 0.015811473573528037 0.013298231832116455 0.01774778128021741 0.999629016482216
69.51755050783994 -3.56706455500147 1.5170056339493803 0.015253668770673197 0.014037659049941574 0.01614468980045616 0.999654749755474
69.65811945344481 -3.782888454849812 1.2162328504215154 0.015845430148879357 0.016202119836218744 0.014790527379626621 0.9996337599121202
69.8444964244189 -3.9358650889973013 1.1153362114624348 0.01667701155189727 0.016826382778881082 0.013815722401908774 0.9996238672334659
70.00955633220373 -4.073068686144744 0.9325534260564478 0.016029481268499433 0.01808740661297149 0.013200597559765301 0.9996207509232414
70.14625004513398 -4.204814679099368 0.6978861642915717 0.013507151161274811 0.01990525719153417 0.012878658855612133 0.9996276695598847
70.28502388862177 -4.127973728992311 0.4528890688633683 0.014450461427981006 0.021645021618115833 0.013156259577457226 0.9995747045807034
70.48884012485253 -4.130840706611516 0.4809662475631196 0.013482395964819422 0.021332771899218176 0.013138836752457729 0.9995951724628005
70.63215615755608 -4.012167457150859 0.3081617658046226 0.013222781220791464 0.022640516699175026 0.013775863983071329 0.999561299086705
70.81157402530575 -3.8899096741901515 0.30271637223058406 0.012179175215442126 0.02258005833128994 0.014521851114464277 0.9995653677959417
70.91990218900568 -3.597054658505533 0.03575978644970792 0.01221425974227722 0.02448324033247504 0.016204891540853764 0.9994942642616412
71.16173528788278 -3.4463820270184096 0.30319517342497637 0.010684664426620468 0.022635097398972542 0.01721408324207163 0.99953847632293
71.59124661401542 -3.0460183323984817 0.7462162167943617 0.008174296477807479 0.01965694123155158 0.01967360148717456 0.9995797791787487
71.6468183452289 -2.6686766291851174 0.3482895915529727 0.009450658847070432 0.02241682334276548 0.021531436234156175 0.9994721448506056
71.74054102693393 -2.47120593083338 0.11411846425904708 0.008347567039253682 0.024226815153981267 0.022641779125686948 0.9994151936958151
71.99043032784692 -2.172112572149853 0.5053469870767259 0.006470934556590603 0.021628801463441406 0.024600532410430195 0.9994424124272208
72.12213252810433 -1.8596518464535872 0.4552140002739908 0.006161034459444061 0.022046758320998425 0.02633505158813822 0.9993910381626279
72.26322655983978 -1.5231496701572014 0.4805366242909762 0.00551310191040196 0.02203274459429935 0.028387966668266106 0.9993389251006934
72.56832006295416 -1.2134737923377004 1.225036720651995 0.009740865940764629 0.016405242349638145 0.02930216926402966 0.9993884962468779
72.4794664080874 -0.9664330712541687 0.4100310034618013 0.007529207190844969 0.02283168666483063 0.031371113593056346 0.9992186339110414
72.77897966289947 -0.8913752103221166 1.2451402301012302 0.008759326240070591 0.016532169043232157 0.03158600704924646 0.9993259156797801
73.09481807715747 -0.8434969967107708 1.798319453344824 0.00953580582936717 0.01276991216166753 0.03209030108457551 0.9993578990165981
73.1670437636101 -0.9529258680289068 1.7061481588286846 0.010221668764457178 0.013397093850722996 0.03138897045164076 0.999365182452346
73.326292453955 -1.1444915638159399 1.9586363277037946 0.008690444143924116 0.011775807112940358 0.030636851802398068 0.9994234287123042
73.56019873233146 -1.441453563521879 2.490985925125516 0.006010669993634999 0.00799621319762689 0.029347204830705086 0.9995192214206541
73.2762235703144 -1.4192214936399639 0.7693120640179651 0.011472795907695043 0.020701739423875237 0.028627041807836588 0.9993099145991792
73.52014260262246 -1.8463870142250627 1.273749376055582 0.010456308491462996 0.016575481607172596 0.026075340778121604 0.9994678562242643
73.85631948778637 -2.2822236162193863 2.3043572154582828 0.011366166116219966 0.008626410901275142 0.023058773105064486 0.9996322765325607
74.00799652221396 -2.639996035573023 2.466001738636325 0.01183718013337851 0.007465530699854417 0.020737569952443958 0.9996870011210144
74.09927342500227 -3.0355853698149025 2.4150749338894286 0.011443227523385337 0.007881819871594047 0.018331454816333973 0.9997354086075357
74.26948258570013 -3.4239449013566507 2.8180576628348093 0.011321758187903498 0.0050609572788135335 0.015976020858762267 0.9997954647128967
74.3046046782938 -3.678046661454509 2.6601399583861993 0.013200030268552121 0.006094980650580476 0.014110169716399288 0.9997947356944589
74.38246625777963 -3.874399749325387 2.7852100044774426 0.01505977731823983 0.005216393981773732 0.012690577353418527 0.9997924492550385
74.4426298778612 -4.0638273882371445 2.913311876696501 0.01821828240697148 0.004221798994120328 0.011170894981847741 0.9997627126997174
74.54145257953499 -4.2364998417294775 3.2906142322076692 0.018893435062123928 0.0015950266026710095 0.010298164079244373 0.9997671938097824
74.58621015387615 -4.402760894242385 3.4175085057602197 0.01899252143088249 0.0009550958610754034 0.00953213336862071 0.9997737295783664
74.61401356509074 -4.493529473650823 3.421410400092734 0.021375121860072156 0.0008829678308714827 0.008803457481510936 0.9997323760235276
74.81422926717785 -4.648566920252336 4.263565643812486 0.01966558580830342 -0.004936436053287675 0.008456791060933656 0.9997586603870254
74.94851006239548 -4.683408954190726 4.3836334221763025 0.01734247672198015 -0.00531871621717106 0.008941526027971857 0.9997954785211023
75.09568577431833 -4.71649546650753 4.722589255657628 0.01464121739481983 -0.0072389426340655 0.009267639756442243 0.9998236561094577
75.21381643804739 -4.568333314748202 4.7487897474473755 0.016995156970387483 -0.007503908102654827 0.009794933919490722 0.9997794333112937
75.36129789746903 -4.442805436010644 4.893481459056781 0.014398821327883529 -0.008193586832495825 0.011114714508068358 0.9998009812960729
75.5233787695614 -4.386904150585929 5.039913293103215 0.01237040023941161 -0.009042195468600437 0.011807974710452158 0.9998128743081186
75.68040203628442 -4.198350055108019 5.062435200456713 0.011528511443120603 -0.008921253023338939 0.013210507038719631 0.9998064748600998
75.8013246980354 -3.845695659615194 4.810687158641075 0.012098447193042821 -0.007161376107157323 0.015379445042092765 0.9997828838992825
75.97360854435912 -3.6015647283870678 4.859071517049234 0.011792108867315645 -0.007442663317189552 0.017007077003251516 0.9997581268802038
76.14396642216727 -3.3662999576180948 4.835182229579146 0.009453940869223363 -0.007001844806158917 0.01898472915972321 0.9997505575042626
76.28479779381408 -2.9564168997197315 4.625252188823072 0.009840014553718631 -0.005437118897638327 0.02164026695092044 0.9997026111289139
76.47936396797675 -2.553253943102422 4.662775627127034 0.010715269560584476 -0.005579106540569341 0.024159409556469422 0.9996351231816216
76.8406503438211 -1.8221600056574114 4.736468797147632 0.011310234740828578 -0.00575747966012763 0.02898269479147773 0.9994993413808207
76.96560935355353 -1.497804883894622 4.590841337721319 0.01210570679779733 -0.004612893542281209 0.031152727350418605 0.9994306782637422
77.13140629643411 -1.2345078040478474 4.7340143100679875 0.013899368602783943 -0.005529569764143043 0.03279908773187349 0.9993500143866634
77.27755434252907 -1.0917323075826704 4.7780688231649835 0.014946570927373662 -0.005734628828912318 0.03383113048847966 0.9992993388667777
77.42879764514635 -1.0143594365768926 4.823853095445651 0.01532144604444657 -0.00584126835415322 0.03457264870097971 0.9992676642606427
77.61544751715694 -1.0553415451585713 5.046747497006109 0.01609868567930931 -0.007207500196800819 0.03446481994741646 0.9992502491599909
77.62695271022416 -1.0660790806987 4.209933201707348 0.016806996544721706 -0.0011324240142840936 0.034514038419521324 0.9992622396723362
77.81358819194624 -1.22876019469301 4.324476772756282 0.016705476060993325 -0.001813932356596459 0.033679161480872945 0.999291424360745
77.97167585658326 -1.4451743068766154 4.27777850467122 0.015895087711720293 -0.001304913482369017 0.032610743037826136 0.9993408741895635
78.12587716895247 -1.7151316099946758 4.163318289410688 0.016767758992085914 -0.00044880777828789107 0.03084372173855391 0.9993834627705604
78.26458843923848 -2.0641153594367116 3.9596899185155237 0.016139596617839216 0.0009726718240493816 0.028820277576259597 0.9994538303148193
78.44347981679459 -2.4216849302720234 3.956775929479514 0.016258545557278622 0.0011467459921124345 0.02659285086252744 0.9995134641179151
78.5989090294216 -2.847121691192082 3.7984109805905186 0.014750006297505211 0.0022790331041866057 0.02416351416885983 0.9995966025879365
78.93775383137398 -3.704294186373831 3.762021818734826 0.014406781789382758 0.002870180672614704 0.018727156841031704 0.9997167100224098
79.04873230702829 -4.1399614514788885 3.543968244283618 0.014792494812107943 0.004372794670323687 0.01583308302900845 0.9997556572712162
79.21462411292796 -4.600804397907764 3.74275792093443 0.015217526505082823 0.003177100067979408 0.012723896147846893 0.9997981973323636
79.3337263521341 -4.981992263579821 3.7652447869697503 0.01441913153157291 0.0031720382107713555 0.010216852667966994 0.9998388083791435
79.48111985931327 -5.440676281486361 3.954125141090624 0.011527047297555043 0.0022189414056457022 0.007553877828424907 0.9999025664580482
79.57905416460817 -5.723340070508041 3.8153030527593774 0.01195288542914149 0.0032519941462647944 0.005386980880992075 0.9999087625883565
79.70905308925165 -6.038751772283961 3.798438097728398 0.011200615824384932 0.0037656859059777247 0.0032477976202288975 0.9999249059931601
79.84106120649383 -6.296275993801998 3.759891071962371 0.009174489678138088 0.004284969963527336 0.0016797644517430558 0.99994732169397
80.24240760014634 -6.705759134536453 5.2178492135983445 0.008149340970081673 -0.005666878263272105 -0.0010558392097560216 0.9999501787269532
80.3927424059656 -6.763188958279766 5.195191674890672 0.0077583669443572435 -0.0053806066576230285 -0.0016866553274847464 0.9999540049463069
80.54317817864911 -6.768244209858978 5.161025948358075 0.007820570691973729 -0.004925858771037467 -0.0020765499707742553 0.9999551302581724
80.70739015586456 -6.791351129880394 5.234376034599604 0.006575392733700144 -0.005078262647732445 -0.0023434311178534306 0.999962741200628
80.88236673162 -6.727267066233974 5.369272238386461 0.005032709009954202 -0.005538706591117064 -0.0019643559006988446 0.9999700674896295
81.05327226901387 -6.651696116907589 5.496982245495671 0.004331008273285485 -0.0061418316892611815 -0.0016581615491864923 0.9999703849470315
81.36670304216375 -6.4219240712780525 5.631608849511693 -0.00010211481680355935 -0.006217793173300722 3.527110330669449e-05 0.9999806635013336
81.54807764255501 -6.233595816432211 5.778547768640398 -0.00017762517888446073 -0.0068587581265036075 0.0009765171027732024 0.9999759858619636
81.75485805002467 -5.937839324596719 6.076413392791106 -0.00018516303363584152 -0.00846334833160875 0.0025906248089718636 0.9999608122885456
81.82522451162706 -5.6168101441169584 5.549129054482236 -0.0009121241170515178 -0.004856685382446497 0.004524990844165242 0.9999775522953259
82.02478236521834 -5.3882289128522824 5.787480344787073 -0.0026842531578296657 -0.006037035510367027 0.0060981812460709625 0.9999595797694631
82.1685154938438 -5.044207421905249 5.668857717812817 -0.002639031756596624 -0.005012263850785744 0.008090009588272886 0.9999512310444642
82.35524785111151 -4.685074762295034 5.774573981652052 -0.002454018940987882 -0.005380035492516815 0.010174409971574124 0.9999307547979844
82.50780188610071 -4.292174525415263 5.6749343555201985 -0.0023796624953812988 -0.0046055267402270094 0.012499712773128568 0.9999084375633813
82.76135928231483 -3.886501270235886 6.160820016384084 -0.0005658572434316554 -0.0073891541956544165 0.014630017557601396 0.9998655123525949
82.88541283444602 -3.441564235893235 5.912845816000237 -0.0025358368168668702 -0.005531397219269907 0.01766305892409042 0.999825479534246
83.07952474489024 -2.9282907050188207 6.0985510558385 -0.000576031113712026 -0.006573757337996132 0.020438830608979153 0.9997693274480641
83.18244769500878 -2.4413285761097097 5.77859206674519 -0.001885810551299432 -0.00418730443497788 0.023653803762621144 0.9997096617356925
83.32972633095827 -1.9559141465613168 5.810254081202268 -0.002672616789565109 -0.004060349920535419 0.02680005408929576 0.9996289950670847
83.5132840706302 -1.336139781814656 6.122436324653405 -0.0004347461309713604 -0.005849013566605465 0.030301973239568732 0.9995235817397645
83.73265774124161 -0.5092129058709378 6.364754842345205 0.0015119045966080105 -0.006763715629484981 0.03560281410049248 0.9993419864708477
83.77798986938711 -0.14141285780673318 6.244424758517107 0.005580435280469578 -0.005667826623955039 0.037552087803265695 0.999263016019835
83.84499664348353 0.11868839272120772 6.350312784065833 0.006765855787938955 -0.006127910237647937 0.03939020661132321 0.9991822073749579
83.90959686469593 0.31800168382663707 6.480991845581129 0.007542555383512517 -0.0067399176378673915 0.040969103307779954 0.9991092112190127
84.0015431949903 0.47421017604131427 6.8530568729495736 0.008281221047725999 -0.008866076723642648 0.04234660653471853 0.9990293183768346
84.03955026833906 0.6171784491688411 6.952522865203729 0.012225410525323936 -0.009391686214803407 0.04312252579355255 0.9989508413013697
84.08865690407906 0.6340153814936221 7.128055397810344 0.012939496068180437 -0.010260296848648008 0.04365538667508062 0.9989101576039401
84.11152124981646 0.5549052942048571 7.045670515832108 0.012833430258991687 -0.00936912424275928 0.04374116005533666 0.9989165297940188
84.21261250639488 0.4101056149624301 7.30113660658252 0.014509936804572517 -0.010809402209879247 0.0430741921666144 0.9989080200533911
84.30751514697106 0.16697352635712445 7.427105711529038 0.01232954287385379 -0.01122947478348355 0.042435223134234284 0.9989600257798891
84.34726820763707 -0.10731264423786412 7.119888891005441 0.013804935768414578 -0.00924240798166191 0.040908277597023666 0.9990247817082294
84.48817792371804 -0.4249693811375185 7.362984253459043 0.015245713035074776 -0.010638085301861586 0.03910636544220694 0.9990621059559125
84.77773190255856 -1.25164007416005 7.716675021252214 0.014588669035479692 -0.012516673039270865 0.03484633032854135 0.9992078046604898
84.89684459116386 -1.708864663565966 7.630887911155483 0.015808168648925564 -0.011891946992942373 0.03209982216347819 0.9992888895698567
85.05972488930398 -2.3216803060335036 7.8035314694200535 0.013308853129646163 -0.012769479642651136 0.028982923522975323 0.9994097282706882
85.12101670260992 -2.7521438084041128 7.276482836866705 0.011793480546451776 -0.009262676926222017 0.026721052584705435 0.9995304407478175
85.18961245867413 -3.3991561921666107 6.767614574930986 0.012924178820410444 -0.006081556155278645 0.022671928481991458 0.9996409174976061
85.33723305094358 -3.8827198792094335 6.72932347055913 0.012991841482589903 -0.005756525954624481 0.019733502499188836 0.9997042879486611
85.69323698648125 -4.746931221055426 8.030493272406353 0.009818840064397634 -0.013622134545419742 0.015040271349385787 0.9997458767446621
85.87854915795995 -5.452949802055493 8.215919917844962 0.011560554995572599 -0.014917928918951912 0.01036225383469984 0.9997681894621516
86.10910667162885 -6.165514236657249 8.675478639349912 0.008407422782154644 -0.017350289141433533 0.006304613611593504 0.9997942461107081
86.23896330115616 -6.7295587395880245 8.288214091563924 0.004181306568612256 -0.01484010976453446 0.0031303151665865686 0.9998762368135936
86.50753057503307 -7.1699150616760745 8.930116959088643 0.00342752270036678 -0.019120679926796426 3.052082661719183e-05 0.9998113075754618
86.67300046650637 -7.678781572881031 8.954201235230858 0.0001745092509243637 -0.01885403725250538 -0.003043648129748241 0.9998175988808483
86.8131292997577 -8.047605836900088 8.843041296262218 -0.0006015263511740224 -0.018194869669636356 -0.005684752375641627 0.9998181176965045
86.95044290469735 -8.29516901310122 8.807594195532218 -0.002297952163055536 -0.017813264903880903 -0.007494494980005416 0.9998106018413263
87.21119849614477 -8.713120523752758 8.925460899178367 -0.008047035460164904 -0.018060407855609667 -0.01046275787199468 0.9997497674848962
87.38248397285133 -8.75425736197239 9.263666982611658 -0.006605806533843906 -0.01993268020065328 -0.01166076447079727 0.9997114974591482
87.50393451082775 -8.815187486597736 9.312585778724845 -0.010750826609539708 -0.0198143683380921 -0.012072439983231941 0.9996729798926373
87.62024312135503 -8.789280386098053 9.282579849691462 -0.013215585793032277 -0.019389066627948825 -0.012254783717867599 0.9996495549258612
87.74317911142597 -8.66481385314281 9.268802201602066 -0.012000780485669346 -0.019136997759266545 -0.012378579159671464 0.9996682086384884
87.90564694951735 -8.59988257958071 9.59525205190129 -0.015212191145481462 -0.02074875488947733 -0.01220320995623526 0.9995944978229191
88.01635834608835 -8.49202817254468 9.528506146346652 -0.017237838339755424 -0.019949324408345872 -0.01189482390734959 0.9995816097494172
88.18492509875269 -8.289831943499523 9.805536677912071 -0.016345040080572134 -0.021708373619789657 -0.011417745352803571 0.9995655162472377
88.34947563303722 -7.994353857264879 9.97787205001973 -0.010440424427550832 -0.023072104059388015 -0.011115915253638675 0.9996174828303671
88.51481560678462 -7.7087559811717545 10.092327060428005 -0.014215782798045822 -0.023332664390009174 -0.009361033452690534 0.9995828476642642
88.64972157180544 -7.436854281419954 9.955032232915809 -0.015098862352288491 -0.02238241885714662 -0.008052250372177508 0.9996030276793452
88.76327659973542 -7.083575381365649 9.550740613231843 -0.014422822795760385 -0.01991652282778734 -0.0064037372432424414 0.999677101093334
89.01632301366887 -6.152898546445757 8.835542603703095 -0.010218663825554666 -0.01583410352955507 -0.002151338174213162 0.9998200997274939
89.20478339872078 -5.865626038110714 8.969293721603005 -0.013644053753024087 -0.01614157248121342 -0.0001576243410745086 0.9997766073426531
89.34814271088794 -5.4218840922807985 8.719573521346282 -0.012009677319540894 -0.014504040043370333 0.0020158893407974956 0.9998206522488252
89.53613175756544 -5.082415501402783 8.901837203965265 -0.014517968217131054 -0.015299312228319099 0.004239740979039295 0.9997685653393076
89.70504980992142 -4.626032849870244 8.891293696680052 -0.011637095393683421 -0.015425056580645925 0.006350071131850481 0.9997931397228642
89.7703219045687 -4.172395656141755 8.22070398799113 -0.010276140664086953 -0.01135939701487872 0.00877273045255542 0.9998441899780771
90.03885412341744 -3.7471617661077756 9.000237398165098 -0.012391675096177812 -0.015549217687474217 0.011521246483277353 0.9997359296819786
90.17946257342284 -3.342969969360319 9.008796485348013 -0.01180006226326664 -0.015472209226815609 0.013811423228882472 0.9997152663936955
90.27206349990867 -2.8759286767541226 8.6550053813064 -0.012032400830724042 -0.012979151056712298 0.016692087654793346 0.9997040247882473
90.4138162180145 -2.4580875071033224 8.724387522234167 -0.013497333922021643 -0.013122938628769863 0.019477193867438018 0.999633057365448
90.55461881078803 -2.053279389674833 8.92331905264031 -0.00703593363958215 -0.01438680609855816 0.021011489221948433 0.9996509554683464
90.67550560738454 -1.6988543550262754 9.058686253736779 -0.007347068687132815 -0.014814191264183143 0.023440461521196297 0.9995884678619337
90.77082702645997 -1.409898797217445 9.141365097363225 -0.006202763930727338 -0.014862997514236382 0.02538578727801057 0.9995479872566335
90.90423068652005 -0.9895379702161718 9.32009070367409 -0.00257727617889846 -0.015678737741087776 0.02849336119361503 0.9994676899221075
90.99369228804312 -0.904975426718628 9.568276830306155 -0.0012083778854658507 -0.016817291501202064 0.02952340706022191 0.9994218763690367
90.96128091637586 -0.9030999982879758 8.932830562787872 0.004531523965127701 -0.013238917014703961 0.029442129849594715 0.9994685374521556
91.10966389897976 -0.9903662674994399 9.535033986318549 0.00855753089853161 -0.016619817090805906 0.02912971034281599 0.9994008256551185
91.10040763146534 -1.0662402965495148 8.901873211460803 0.008245175832877514 -0.01265294318685044 0.029575946913786927 0.9994484396247503
91.22570629107811 -1.2103286625888081 9.070068613365438 0.01375631287971021 -0.013606445076419648 0.02879053777536775 0.9993981856312043
91.27044553114 -1.3179130085623076 8.611383149696595 0.015929867874158083 -0.010911678026701493 0.028695229003505705 0.9994017002309881
91.32573937785865 -1.584891027338687 8.268047051880698 0.011254957157546111 -0.00852777624657276 0.028860976956192504 0.9994836902024986
91.48007554191301 -1.9361374771588442 8.437960937951257 0.014538874697055882 -0.009321225438235808 0.02718718916288181 0.9994811617155647
91.50713842088298 -2.251498727015396 7.796153986420828 0.022115796618583764 -0.006022380523980533 0.024879515736809424 0.9994276522937774
91.55484503498325 -2.4803687289399794 7.301701013870377 0.0224808684139305 -0.003080528370645413 0.024204867640115153 0.9994494711003842
91.69339630396462 -2.807962566413068 7.264845123729171 0.02223543372953865 -0.0026924453783241918 0.02307259522656539 0.9994828620713089
91.817945974357 -3.161725204984987 7.194794136214799 0.02580063664366184 -0.0023711943912475726 0.021083035143916025 0.9994419493972929
92.06766750185326 -3.8214718856992125 6.99580400142843 0.02552987974234843 -0.00110208275913982 0.01842932014117209 0.9995035621812798
92.20095229630958 -4.025819922263419 6.9622911636148865 0.023895109198430704 -0.0006407572078645926 0.017903307066898758 0.9995539429078673
92.31587448030449 -4.184846219246858 6.853468022152771 0.020643075051116424 0.0002948570898213344 0.017792963049083805 0.9996285244918056
92.48714780956011 -4.309854039466611 7.103060147298773 0.01906722682615678 -0.001175876339981456 0.01743802557883095 0.9996654307516616
92.56927239458751 -4.46759091943457 6.8395343845826115 0.027137840783300303 0.00014055627758291847 0.015134779152602496 0.9995171115601549
92.7006831896464 -4.582147384044415 6.91685318041104 0.017259476991482052 -9.11022397157688e-06 0.01613428581354842 0.999720858636185
92.88807957829155 -4.6793678283614835 7.184834922034749 0.017307609556199772 -0.0011971211593144089 0.015522597177363148 0.9997289945426457
93.01430435456822 -4.685484455709929 7.174850954282395 0.01291565192931098 -0.000866590937889269 0.016119308849526785 0.9997862785803778
93.1258344521949 -4.692780969179503 7.067566937218594 0.012966178661074617 -9.635308871459225e-05 0.015930597420199095 0.999789020240194
93.3268500107241 -4.809757973697776 7.527865560423643 0.012626305836505114 -0.00284279729578532 0.01515321876657934 0.9998014177152732
93.46232191914639 -4.686264177955151 7.553684306700818 0.01143723854696315 -0.002711243907703741 0.01590515083453276 0.9998044133268384
93.54611425348975 -4.572909411107833 7.320144627709231 0.00896523239122913 -0.0011145197994800776 0.016760542247751725 0.9998187169068946
93.6694505340514 -4.536856805167645 7.364657858644864 0.009094720438888447 -0.0011701262918269438 0.016773051180800892 0.9998172741149685
93.95616160192867 -4.189016766371347 7.7293095354930665 0.007957660817047574 -0.002930270151126424 0.018604545064849 0.9997909581778044
94.11191872829616 -4.126864100019424 8.05189233906935 0.007092709514708943 -0.004321751744778475 0.019000790190635778 0.9997849698338778
94.3813484947645 -3.9507505950248873 9.18959393686256 0.0020371947483924326 -0.01066895856396531 0.020676084003349686 0.9997272241521704
94.51513688444642 -3.8567226011297557 9.540515375114321 0.0033867499187866085 -0.01243211164144432 0.020965338258674145 0.9996971677047113
94.72184116548394 -3.7235184801626877 10.558186244240066 0.0010490424411218403 -0.018127889053620755 0.02205244514903804 0.9995919011333401
94.79586892774293 -3.5354567661557925 10.79210643524611 0.002960485116110825 -0.019395950891038564 0.022934335574396177 0.999544420658067
94.81233697723324 -3.3904210485397965 10.676581692032524 0.00043043072297879135 -0.01848258668281359 0.024297774692186743 0.9995338047629568
94.92635526608005 -3.2780565294873005 11.402886633483005 0.00800796065281751 -0.02253792015002488 0.024034647750121 0.9994249598789404
94.95206086954667 -3.254601802877126 11.531750428562336 0.01227125971084857 -0.02349639035151393 0.023918807415637424 0.9993624099781679
95.03016010788876 -3.2858973917884793 12.080334397260826 0.015273140239505826 -0.026440632635345778 0.023775890719687404 0.9992508849901273
95.0502889175455 -3.244388211161281 12.180189494547964 0.014660461624437642 -0.02687174523315767 0.024563599382060083 0.9992295080503178
95.14495023278805 -3.334936565219401 12.750964090834849 0.01601604257592241 -0.029878546315593158 0.02436426541624753 0.9991281906847589
95.18066105714655 -3.445069700422676 12.736299386313616 0.01746887124824459 -0.029820184207809904 0.02405902451673469 0.9991129858481611
95.31365782342932 -3.677150107082873 12.886901728061686 0.01821468974377428 -0.030458103122866124 0.023680771838943585 0.9990894604973104
95.39387932674357 -3.86566657096867 12.98157341829271 0.01930666507972024 -0.03096133859437256 0.02299244361511502 0.9990695650116411
95.46413497805811 -4.063455680142912 12.917618073670589 0.021083354367513907 -0.030763243325054555 0.02208328900388422 0.999060280151057
95.59156774913943 -4.4097422425905775 13.201482469664144 0.019990570907460082 -0.0320838599882207 0.020777263911955123 0.9990692209788985
95.7017027417921 -4.7850974748173165 13.253250216244284 0.020783889564024133 -0.03242733641840248 0.018867296491644644 0.999079838106292
95.8311853697386 -5.112379156513309 13.297125833198821 0.017664498320345716 -0.03242891748102722 0.017684892191432638 0.9991614361044349
95.9832697023153 -5.27663643462883 13.397595567288477 0.0188306701209196 -0.033073217252063775 0.01675112950262127 0.9991351098944433
96.15717384577604 -5.550268157689269 13.570795214392305 0.014816009171902901 -0.03380559007065012 0.015854953207989353 0.999192818434443
96.26524289738853 -5.792863545781009 13.151603737519471 0.015175554097235963 -0.031488149065110736 0.014461449584303922 0.9992842766211304
96.50120316080401 -6.006130038713878 13.703761896619008 0.010816189258661643 -0.034387063755311635 0.013814994530608275 0.99925456507455
96.73514020374336 -6.232193461723423 14.318181124604568 0.007020725784179249 -0.03763839210641656 0.012945710001256105 0.9991829008953618
96.89615495305503 -6.169159508181122 13.99319963036384 0.005827309544113771 -0.0358188745996658 0.013226624949605059 0.9992537751133758
96.89615495305502 -6.169159508181123 13.99319963036384 0.005827309544113771 -0.0358188745996658 0.013226624949605059 0.9992537751133758
