0.0 0.0 0.0 0.0 0.0 0.0 1.0
-1.0 1.7971702776145952e-31 6.692417196003767e-15 1.0 9.900025437875526e-18 -6.534016788997761e-15 -2.1656305645352365e-17
0.9999999999999998 -2.218325592709559e-12 -2.7229391050795865e-12 6.353251258423012e-14 2.2768738136563334e-14 2.2216555307549882e-14 1.0
-0.5756692266492814 -0.10019466363171908 0.8115207766094134 -1.9798094488904554e-05 0.010728391009848787 0.001440207064883562 0.9999414118027043
0.11432430330005225 -0.17729558180764074 0.9774948748440823 0.00039338429790892066 0.011602247545784651 0.006877369653817024 0.9999089632998223
0.9153196804556696 0.15161883547432814 0.3730973214858819 0.007086581553155133 -0.008870703378753087 0.004859514864102739 0.9999237351412067
-0.7147857901700223 0.6993434593639983 3.976392665071301e-06 2.843779896044621e-07 2.4247409884010773e-07 8.411035856693068e-08 0.9999999999999265
0.714780677059745 -0.6993486853126575 -7.31233947260395e-06 0.7147807521842183 -0.6993486085250742 -7.810616350156514e-06 -6.231056683369707e-10
0.7147681063157175 -0.6993615332522104 9.798263229970811e-07 -2.9647595414528807e-07 -1.2335261070291365e-07 -8.861506989311034e-08 0.9999999999999445
0.9189880952319377 -0.08551524911889123 0.384900016874654 0.00723263240288347 -0.0030077059235849943 -0.00023233746487285128 0.9999692939050201
-0.39346952812319785 0.5269947337791966 -0.7532982682891959 0.38780623866309993 -0.5211371062222884 0.7602748122901535 0.002155822212070833
-0.8466745987806693 0.5027685261266507 -0.17425823629323428 -0.001995318442316281 -0.0033919633505466312 -0.0009324040404862566 0.9999918219223833
-0.5147042033348767 -0.08557087240713826 -0.8530868706438347 0.003539058734031869 0.0034924662471456005 -0.0006356471308036289 0.9999874367688399
-0.28617441636471913 0.21928856931729068 0.9327468717637639 0.005532152758608441 0.008755120917615971 -0.0037763431213955582 0.9999392393421727
0.6175100925125827 -0.2528024664958966 0.15066021814648828 4.241671627621523e-05 -0.004344594528236502 -0.0058114807495621415 0.9999736743488324
0.49751382598883515 -0.15853227199852896 0.18544226046883663 0.003196688352252156 0.004214814643969453 -0.007741287504105372 0.9999560435283515
0.5034623192154202 -0.2737347547064895 0.20314675294749562 0.00038045938451514063 0.007298859779369077 -0.00896643399512469 0.9999330902405366
0.7778721896708356 -0.23591954145881275 0.12143685206905915 6.206939948646984e-05 0.004033216489394568 -0.011018968902140937 0.9999311534483126
0.9236874982336718 -0.3468828653448995 0.10767859811569948 -0.004038435652376005 0.00400828834941417 -0.01204246605038841 0.9999112979026764
0.9947384872174381 -0.39739197981081065 0.14433008947458273 -0.00695561071353753 0.006287131749592941 -0.014994088417786024 0.9998436221562274
1.1527455950897285 -0.26464038949486984 0.11987101717497044 -0.006706617774113467 0.006102261798182846 -0.013287608432161539 0.9998706031988
1.1152587377543333 -0.28250252045789076 0.1456145505012326 -0.009550556078420615 0.011328339129566328 -0.014607973419188345 0.9997835079274626
1.250252218915128 -0.2864848876370395 0.1287094365392274 -0.012625361298741698 0.011909333090639304 -0.014533201079368068 0.9997437442183867
1.524070245494625 -0.37288499823993754 0.06171658117489878 -0.017645921561914444 0.009271153386389413 -0.016335136934214168 0.999667860075764
1.7673460487662758 -0.3775533194458406 0.079950355658709 -0.020569643869265644 0.007467205870779239 -0.016599321701062618 0.9996227253852523
1.8898571693079238 -0.5347134083459266 0.09950778241887707 -0.02729384951722146 0.008331104371715034 -0.017232462246983056 0.9994441858970341
1.9660171569395009 -0.409834301810256 0.07448257984907944 -0.027234690749299618 0.010362341828222895 -0.01595811990971082 0.9994479635781807
2.027325051243306 -0.41447398044177675 0.0864719937883768 -0.02998438665160234 0.012531150770330577 -0.015173657636408407 0.9993566265009861
2.2175817021985607 -0.43676635734027475 0.13877411548251167 -0.035291676955788095 0.014656751626522609 -0.012164405528527175 0.9991955286166688
2.4025834703085307 -0.2936148674799888 0.13590154552315747 -0.033767716480186345 0.013060559376327994 -0.010334224695455474 0.999290932067551
2.4617434935700535 -0.23830217937030432 0.1554863332068923 -0.034261207982596784 0.014490792192096794 -0.008884203197002175 0.9992683611036492
2.605231107860378 -0.17255343320482627 0.17143566737371027 -0.03415611678309206 0.013619818684347335 -0.0068436006652486895 0.9993002678650896
2.6145278194468333 -0.15171433924377783 0.1950328736216471 -0.03488399575980423 0.015996088714729784 -0.0056011081148193516 0.9992476467690813
2.6816689551797634 -0.23260772172946498 0.18351636798605697 -0.03763635341964069 0.01652625800419863 -0.0043400667360882625 0.9991454105976652
2.9487503598063403 0.03056313128381247 0.2625871398156337 -0.03153057596043226 0.01177881241266916 -0.0030542881643227473 0.9994287136567369
3.2132686323334867 0.0432772297494735 0.3191568080901947 -0.03091905065041813 0.0069546940014768195 -0.002792196564388638 0.9994937959670227
3.292846735871555 -0.000864669787517963 0.3395263757247158 -0.0313685791144672 0.006429745253730888 -0.0019837046771741308 0.9994852352766724
3.3263853091480193 -0.017560206187268737 0.3676826378659043 -0.030492094928422305 0.007085048577973129 -0.0007961463569943837 0.9995095799363316
3.3726670727917236 -0.04024407637264911 0.38405271500759786 -0.029064766013374863 0.007181016864770327 -0.0007559193771484609 0.9995514498810308
3.472174484220733 -0.05442595848251401 0.41407747105824777 -0.02468438468940987 0.007001303973489934 -0.0005598768662780478 0.9996706204710983
3.5884669567630647 -0.16570795440152164 0.40439085556663845 -0.02488373991883746 0.005326782230253246 -0.0005715304535897145 0.9996759966267389
3.616185303450109 -0.1763002010683219 0.39871651645519174 -0.02232653312043142 0.005978883684178495 -0.0004965849505289174 0.9997327304195358
3.780358206885199 -0.31562857850255044 0.43139156867928036 -0.022484597182167224 0.0036928550111344 -0.0012965592127741623 0.999739528400088
3.872103981163849 -0.370739697488816 0.3933218025064115 -0.020674977608731042 0.0037430638668478925 -0.0018951271802757175 0.9997774468684207
4.058400517088163 -0.45286766664339845 0.39449755340715686 -0.01937242570513664 0.002103840107463237 -0.0024834825856588053 0.9998070390297059
4.217000072234767 -0.7437657352838759 0.37948617702098564 -0.023208978830411918 0.0017231688017417036 -0.0036368515175080212 0.9997225351576156
4.482279681133076 -0.8027155595996532 0.40990876717934516 -0.021777154381773425 -0.001521902992036282 -0.003760515096834586 0.9997546188363031
4.678279260853474 -0.7706244126354468 0.3865436810186706 -0.018329309608273232 -0.0027639142084643653 -0.004007739813885271 0.9998201514318046
4.778835334938515 -0.9305288132530776 0.34258187421333397 -0.02023491003738443 -0.0016228943810117117 -0.004710226664203865 0.9997828406180909
4.981828628005645 -0.9806619585832744 0.3333836791937385 -0.01977709071884891 -0.0026403930355639958 -0.005761119181301014 0.9997843289995573
5.120178685955075 -0.9852960342254852 0.29177456703867605 -0.01844215090655563 -0.0017306785642861656 -0.0063291969972454525 0.9998083981878813
5.247493098491583 -0.9978837148679572 0.22516803905328817 -0.01745926179083138 0.0003035836702585743 -0.007168479629356121 0.999821831585247
5.568655258279507 -0.9291989672461527 0.2090532032579051 -0.014569321054050987 -0.002447006844793052 -0.00721945192972857 0.9998648041387195
5.660330997650636 -0.9714956373508103 0.12968415454383048 -0.014549411186552074 0.0009558824945910986 -0.0069254309825276346 0.9998697111766549
6.096756305281218 -1.0236647343909884 0.061208364415992825 -0.014373193139841287 0.0027605996309467487 -0.006263888487611958 0.9998732690244586
6.188528573444014 -0.9816630344636139 -0.009594815721720246 -0.012773855533942079 0.007487453169247497 -0.005448913344527701 0.9998755302552413
6.57371102728807 -1.0251430224498568 -0.05668686141652637 -0.013457837608107747 0.004744132047012767 -0.0051055538743561835 0.9998851499735708
6.742577896688457 -0.9820726320120646 -0.12595853255763398 -0.012096247667227325 0.00745072635139766 -0.003969339804410217 0.999891199986642
7.036045235722893 -1.2354601914615018 -0.145869404963095 -0.01835709331624678 0.0070792693459078996 -0.003289373044557784 0.9998010207513696
7.123434763695565 -1.161621417570037 -0.2544418989702132 -0.01675271533288605 0.011780323819737558 -0.001771984426791408 0.9997886929601018
7.381705019393133 -1.2422738708661811 -0.3261311732013303 -0.019095247914397907 0.01299492533518456 -0.0004698806097265192 0.9997331057011333
7.749187966405097 -1.1941098950262383 -0.3548466833922545 -0.01813142066770217 0.01160210725258644 -0.0001752137019117746 0.999768279148738
8.063492544218152 -1.1988916512354109 -0.39250273164507204 -0.01852133293089925 0.012202855385684523 0.0009484093216692995 0.9997535451633355
8.489205002268609 -1.3261219140888345 -0.4496960740268564 -0.022582232102449657 0.010580178922009173 0.0019295697368615808 0.9996871407434827
8.460692819177291 -1.3818018962792131 -0.6365504835376893 -0.02458143250578392 0.020804869341284907 0.004595791082967566 0.9994707545956397
8.971439606502923 -1.4319503483580607 -0.6538354650034675 -0.025396707290134435 0.018094069284256498 0.004150685206013901 0.9995050693857818
9.318324464357016 -1.2224586640408923 -0.9049423670278393 -0.018806792969907303 0.02902468295873101 0.0066567023885392455 0.9993795878597094
9.556145377615678 -1.500207388713482 -1.0306290065200163 -0.02391090774275965 0.03323132678330225 0.005365537303327753 0.9991472155896673
10.023413937244483 -1.2541755126707048 -1.1237682066185994 -0.017469165180144134 0.03056158616169607 0.006829185837714202 0.9993568831703638
10.033641285763915 -1.2231084297823045 -1.2565722830148536 -0.015484804365842767 0.03984009104592846 0.007071527105026723 0.9990610499281846
10.073892293367841 -1.331535397477873 -1.4582651744378443 -0.016825460333633142 0.047538747920720846 0.0058978458020168285 0.9987102616603011
10.160598178379114 -1.40175115846011 -1.6469715500050355 -0.018390024748741057 0.05406208408783863 0.00617573682406493 0.9983491164560121
10.166828670341502 -1.4178290312526725 -1.7967987419488283 -0.018408491367312107 0.06169926282043658 0.005435303974603995 0.9979102093293254
10.329163185306045 -1.444215605724796 -1.90495503460069 -0.018729413854127738 0.06486663806952694 0.0033554459194747514 0.9977125183663474
10.556023323568514 -1.2623151658665412 -1.9983334153154866 -0.015074091694014451 0.06707743724876021 0.003178914535619442 0.9976288306149308
10.59875585035703 -1.4524292781494257 -2.131484802429161 -0.021084793344436654 0.07293863887987667 0.0025290706718400775 0.9971103199995024
10.748999195060506 -1.3731122538092169 -2.4692624508165055 -0.022777462423044494 0.0825807144835397 0.0010754305048534367 0.9963234696875227
10.877554572780305 -1.4547513950102973 -2.6017519595808865 -0.028192132594687 0.08643108161446078 0.003174082895490993 0.995853803019545
12.159482011165467 -0.9255489235625945 -2.3741906298104074 -0.015621694042978706 0.058961659103644884 -0.00019716971376796836 0.9981379897364278
12.164110498897715 -0.8342066344434301 -2.504370786099381 -0.016378485313791057 0.06431358274113598 0.0014993319914199511 0.9977941973660723
12.38698922498414 -0.8926522974322261 -2.5470438305565164 -0.01924275066452721 0.06430712837806736 -0.00029463195586121267 0.9977445680025726
12.429967223085754 -0.5365074288827776 -2.6718324861564007 -0.013885596224974326 0.0678117841818224 0.0032969811799188533 0.9975960515452406
12.563307138602962 -0.6876436538868154 -2.723246259359337 -0.019142434301522578 0.06886283474923861 0.0014703616077644183 0.9974413843610327
12.994881827151929 -0.46039835705986304 -2.6784740784864844 -0.016565031325853533 0.061392113330184975 0.004058679601414209 0.997968003133327
13.56206226795044 0.004383775058089048 -2.5858286419027445 -0.0067133477376330394 0.05005998776255546 0.004635193030268813 0.9987128934648528
13.564237713036402 -0.14391285856294728 -2.7004348582835616 -0.01322206798536367 0.053480900135362774 0.005836783706331793 0.9984642718669844
13.664873778449069 -0.2986198748388659 -2.78897295603745 -0.018778533516970966 0.05374452774709529 0.005550264696353332 0.9983627031184579
13.810981046416877 -0.2432152815200427 -2.7930300603253526 -0.019414069153992883 0.052635087230706465 0.006736512778406694 0.9984023542173197
13.894616773168947 -0.23547152354125336 -2.849295666978085 -0.020703793533358425 0.05292460702931533 0.007889469114057676 0.998352690776771
13.967545852879978 -0.14736770204109842 -2.884941477747465 -0.019744491419626232 0.0528976846633513 0.009508392842346997 0.9983594445295705
14.103556846510049 -0.11042855827486682 -2.8752790487902913 -0.018844477063789236 0.05077844967409146 0.009851493207753378 0.9984835415841694
14.196447118733367 -0.03106852701543045 -2.9097583478616817 -0.016375012168729795 0.04967622868277227 0.012109877640617278 0.9985577009586678
14.399298440817148 -0.08611520643081072 -2.804563207479603 -0.015671896133147137 0.044457461947124605 0.011371875399024789 0.998823611154002
14.464000852121773 -0.09284080235325474 -2.797374421155739 -0.013796735864728573 0.04273170005702226 0.01129136589784155 0.9989275033484044
14.521945603937153 -0.16213566342304106 -2.7819059844238274 -0.013106054885302372 0.041469384646164696 0.010659806015280767 0.9989969419363247
14.580609657197748 -0.21694259073545213 -2.788331129008374 -0.012308488807759702 0.04029072805514892 0.010049899414562923 0.9990616386679114
14.624339073540474 -0.2986377918427508 -2.800722825308454 -0.011931053872256616 0.040071725858266086 0.008886184266021587 0.9990860535856897
14.67476523285513 -0.3634264913523387 -2.84032411353755 -0.011458041330526785 0.039967143186551354 0.007627537032721258 0.9991061812606246
14.850023178872348 -0.3513387080851003 -2.811194736422742 -0.009558740874940434 0.03717294636937852 0.007026142666418675 0.9992384279291585
14.910240468442915 -0.4432264985589055 -2.8583205398801734 -0.009841328166699054 0.03738644621240249 0.005299797913891692 0.9992383669783674
15.02629012168423 -0.5244662181504763 -2.8562805110711373 -0.01016434051607732 0.036264047427906905 0.0037468501845612534 0.9992835264126564
15.206589146117798 -0.5527014461115475 -2.8316283828654107 -0.009262685166936627 0.03386174090300583 0.002321243163247901 0.9993809068601887
15.296862777861591 -0.6610182456038559 -2.8636607829257885 -0.010476144765539349 0.03371209288197589 0.0005974658779112021 0.9993764997331552
15.473587198854363 -0.6941101390108568 -2.827842078085996 -0.010050448596721535 0.031153997546277838 -0.0006584610272354776 0.9994638479449703
15.568921633121331 -0.7608974060160786 -2.8315849226695784 -0.010157755382449223 0.03042939073955414 -0.0022055589356023845 0.9994828701356474
15.628400321945033 -0.7962309894751818 -2.857320693221819 -0.009519687273509615 0.03048252142721568 -0.0036386109147818406 0.9994833425086507
15.84258171783417 -0.825274529764939 -2.768528318949943 -0.008847671206013713 0.026107734902226305 -0.004872378067777887 0.999608105621633
16.01880309856124 -0.9085274791817152 -2.727869146456754 -0.008219984880024424 0.02379429061311405 -0.007418276249933563 0.9996555570596657
16.064002282939658 -0.9552416765998681 -2.742681085473736 -0.008357112770559066 0.02365238428768818 -0.008358807979055093 0.9996503657343486
16.226527271376234 -0.9735133666210398 -2.6621187782114886 -0.007570819886173016 0.020378877739481015 -0.009300184853056977 0.9997204062086706
16.30212701081422 -0.973504580734288 -2.646528128636332 -0.006732552254436142 0.019559811801269405 -0.009625373116477952 0.999739685465576
16.391932158737532 -1.034875588962293 -2.619636817466223 -0.0076295882038561035 0.01855780554422098 -0.009896309293038036 0.9997496988244603
16.54875085743726 -1.061302436117759 -2.5522908305207856 -0.00815876209577437 0.01587580389573123 -0.009687837300809467 0.9997937483602115
16.616240336224514 -1.0936731664499562 -2.566369570019277 -0.009097007496338244 0.016172871601775173 -0.009326291920292088 0.9997843282217328
16.704953498136835 -1.0901431622382196 -2.5908780639050293 -0.009549605981655251 0.01643288576016365 -0.008521555161113229 0.9997830506609044
16.810538998303187 -1.1225985393663414 -2.590887757375276 -0.011251661770191164 0.01641077590116008 -0.007522303795018157 0.9997737251435179
16.948701829007387 -1.0684347133844827 -2.593392889977142 -0.011237344182428577 0.01600570386293302 -0.005899535173179321 0.9997913457438597
17.059957799692977 -1.0485869093288864 -2.6247801378252404 -0.012023238262527339 0.01684758470120525 -0.004405179016725329 0.9997760724428489
17.280971725187964 -1.0042304585655657 -2.7165621184982442 -0.014614010332704744 0.019129693023942674 -0.0003262726821304771 0.9997101475392466
17.409777304334778 -0.9187168000754918 -2.7738153080781784 -0.015232372651129748 0.020570593496961966 0.002879108426225825 0.9996682130793546
17.525528427495598 -0.9064073778874294 -2.8371179812297393 -0.01686284181687864 0.022377237948958194 0.004939340321583796 0.9995951714093172
17.67890043212403 -0.811794250199608 -2.8929875702867167 -0.01697096375951253 0.02345671948410578 0.008156644772918279 0.9995475165524477
17.81176213961641 -0.6830588506005845 -2.995249636121927 -0.01597381588896973 0.025903119378591435 0.011130066761699196 0.999474855724887
17.892042968774668 -0.5898491608726886 -3.153454523134462 -0.01661568849138131 0.030014270283612022 0.014687403782501943 0.9993034287169384
18.125539205892704 -0.4739601787210598 -3.17935681119803 -0.016980898369397725 0.030195318086302513 0.018138395986911887 0.9992351527279538
18.276413977867836 -0.36492884577321383 -3.2806593697529762 -0.017257215495649257 0.03282028056613636 0.02108445563597021 0.9990898174976219
18.359122350232578 -0.2985912041957544 -3.4927311677983437 -0.01880819425256895 0.0380907919577759 0.024009815666853434 0.9988087265080491
18.63584507530483 -0.16003521590225114 -3.5345320319788156 -0.018672391037391513 0.0384843180716524 0.026898975787214046 0.998722556157167
18.975418966780236 -0.31421996492473014 -3.5120863221948824 -0.025483740900009908 0.03832611919699284 0.027976405390650175 0.9985484506414584
19.44159866448996 -0.6240279523743675 -3.53238061602552 -0.03924275265920257 0.04113421090418609 0.03043590278042295 0.9979186534377235
19.888877921393632 0.06737518987891496 -3.601543490602866 -0.022799851453081162 0.04019883346033242 0.0320380082955852 0.9984176413638723
19.718528961061764 0.3053136401423389 -4.173034570836169 -0.0197580713773032 0.053743470227679516 0.03480895592327063 0.9977522711629715
19.852516103045303 0.26622076209215484 -4.405260771697635 -0.021751575238046793 0.059344767757647875 0.03487283326806663 0.9973910732577829
20.199244460267202 0.13938738312641366 -4.434082369570534 -0.0243572321485915 0.06002911552565625 0.033275877908155005 0.9973444472601773
20.45888422278679 -0.010049693125353927 -4.534036521856239 -0.02719711328790013 0.06283406612740779 0.0315624169022346 0.9971539555163943
20.45002942144275 0.03203678279184621 -4.909341870881977 -0.026452480761832334 0.07233753140426945 0.032041911743456275 0.9965143569982852
20.292020497413734 -0.08443723267652861 -5.441298420833138 -0.028899642035718025 0.08540553840786108 0.0315234805389239 0.9954280360097272
20.741519772475833 -0.13124040083193125 -5.379672581198241 -0.027452118768092542 0.0832981164582793 0.02852417267216735 0.9957380059749722
20.617802224314232 -0.2291115481523752 -5.818836172298623 -0.029065692911588684 0.09513882362841818 0.028003540370874585 0.9946454601821026
21.081066110074342 -0.3676313821810748 -5.765319068002291 -0.028554835067064396 0.0925959779473568 0.023883583277814233 0.9950076284692883
21.15687511429566 -0.5126877570912518 -6.022016485546546 -0.030891886784123156 0.09923960067680378 0.022724538484577204 0.9943242873122875
21.40539964081622 -0.6850267915899736 -6.178717993146382 -0.030883557793028683 0.10164752906732256 0.018840576644462103 0.994162470808598
21.318829702717558 -0.6860108913162112 -6.628687197231539 -0.02886494265168354 0.11164732445046764 0.01764993980146203 0.9931717724813628
21.800020122158127 -0.8187993109956694 -6.508961911306557 -0.02726957366558823 0.10774447549232606 0.013615775017248406 0.9937112805154524
21.92390874053037 -1.0358332964805526 -6.66306145384899 -0.029111123144064853 0.11222194720181651 0.011237710187153709 0.9931930783816777
22.075366717148487 -1.3225790952610146 -7.005889637663912 -0.027237823770155555 0.12122322742345973 0.005637897164357611 0.9922354782030676
22.139904854630345 -1.057394956762123 -7.404107723160113 -0.02059783065970284 0.12698463082241146 0.00760785785736984 0.9916616123486036
22.575442389266883 -1.0047663823024247 -7.3088910992908005 -0.015476435799436618 0.12273770545407042 0.005982319418235108 0.9923004320512986
22.315731327225382 -1.0569059337305384 -7.841696040703738 -0.014527038777300421 0.1347083946364966 0.0059032025196912655 0.9907612052148753
22.950102736453868 -0.9678183341072976 -7.5416862661413715 -0.008871257176992572 0.1267087675696524 0.0047596447863649605 0.9918888722022176
22.954178589528283 -1.0247505421003738 -7.815029380015318 -0.008367176953537364 0.13254093746000803 0.0048027077461191905 0.9911305788065242
23.290981028947698 -1.0202696145343304 -7.781850989609265 -0.006599101230150151 0.13066426292680908 0.004756210560317269 0.9913933027400649
23.417223246442216 -1.0378520601642514 -7.932848407617071 -0.0068602307079625715 0.13356712341604807 0.005729791556741175 0.990999460275187
23.573687507163203 -1.0430983397156843 -8.0753800150842 -0.006649914372686989 0.13491688549797676 0.006001231896378391 0.9908164299516271
23.60115662254618 -1.0478774703409726 -8.300081620890642 -0.007668197909558784 0.1394137444237357 0.007172802353223489 0.9901785482997371
24.15782593819671 -1.0650865081410636 -8.021675316778857 -0.008005819883961358 0.1315399271489413 0.006833301756912177 0.9912549926233591
24.19577457392192 -1.01145560456057 -8.41672436494133 -0.01045391840726789 0.13893891017382357 0.009073233863915809 0.9902042068466964
24.5944619719034 -0.9174848239362209 -8.3346251588717 -0.010752894343819468 0.13407512006265523 0.010195186102393384 0.9908603814987017
24.829891628810728 -0.9701231402184085 -8.241680278604726 -0.015166588006301936 0.1323360253009468 0.011556728241591608 0.9910214897004728
25.22954100506988 -0.8312815487465282 -8.0442543183612 -0.013806674872202532 0.12646659148784928 0.012070591519831982 0.9918013297968399
25.210459055373654 -0.7332150537263235 -8.252173590851719 -0.01565910100460514 0.12979828811854194 0.014284721366511736 0.991313847221305
25.72087103336536 -0.6152296928981528 -7.885428307880537 -0.015549082918152228 0.12086867777398252 0.014936095111072606 0.9924343312362821
25.766625611002468 -0.514882666297753 -7.9896594010454605 -0.0174940609984349 0.12227817646231441 0.017118300084064866 0.9921940179184039
25.84574124582115 -0.29126720055359895 -8.03474309223691 -0.016591382470057755 0.1224500762620376 0.019546867429295525 0.9921434497212865
26.107290461969193 -0.20116657587241207 -7.849569579216471 -0.017454686925954692 0.11801511782056427 0.020712179337097212 0.9926423180064525
26.23450476255262 -0.062139715181472994 -7.783821557410667 -0.018381757757455423 0.1162417005724113 0.0229511996887847 0.99278558634915
26.468627100058942 0.09466125451847351 -7.594033016052721 -0.017069966072727445 0.11144063669040619 0.023937585950086066 0.9933360925342414
26.63540701480794 0.11756030379445155 -7.395940240382199 -0.01852965027306771 0.10766456664949187 0.02476207226002699 0.9937061099371001
26.943418056787976 0.36336882893253647 -7.019932590331649 -0.015551682236617792 0.09925578765001966 0.026859154122671144 0.99457780974512
27.006438074248067 0.466559280258946 -6.91116035147932 -0.013874465711382749 0.09684609866220614 0.027792470134494204 0.9948145108405673
27.095449600853858 0.5700805482037151 -6.742713703647413 -0.009972714329232812 0.09337592903189539 0.027617903759806574 0.9951978357282797
27.16761611910498 0.618293576513742 -6.609768525047003 -0.007691439173660015 0.09056622783345741 0.027772361630225544 0.9954734029942418
27.198142813232618 0.6258645179980287 -6.540298361967018 -0.005612373260332817 0.0889065991080888 0.027541436952292893 0.9956433031723877
27.22995965373751 0.548841681147026 -6.4989868261570205 -0.004920262870332766 0.08769300160215521 0.026695101170577634 0.9957776358488796
27.26450019662664 0.4767627253305894 -6.483756187025932 -0.0030016776070582855 0.08724392145880117 0.025008635114550145 0.9958684934617327
27.285633089411267 0.3927734086068057 -6.522797684845441 -0.0021940963015728196 0.08747747875198521 0.02361717179853261 0.9958840825361424
27.364627513808202 0.2565478667542349 -6.499908194957065 -0.002110527312572486 0.08677333491657112 0.021549814512011684 0.9959927406946385
27.45827419227665 0.09832036547010181 -6.456098580502404 -0.0026099154620899466 0.08607494611019839 0.019282359464125463 0.9960986309632713
27.55527641786412 -0.081576304677114 -6.445008359484644 -0.003426104466197887 0.08585579340851054 0.01669226595940624 0.9961618406682331
27.583262665661735 -0.24472594335924466 -6.549200626835743 -0.0036660672700698027 0.08747096485758675 0.013892983890950434 0.9960634393733463
27.669402494220982 -0.43804158789664877 -6.589732418266943 -0.004636332315988308 0.08794716943744896 0.01083014190698988 0.9960554742768452
27.9329781951364 -0.8180109705557354 -6.547696809601368 -0.008482528856625173 0.08736099239620437 0.005532715972741685 0.9961252394983835
27.968713306091683 -0.9614527047491757 -6.6906142458822035 -0.009485307699969378 0.08959129032038521 0.0028964974116752608 0.9959292344033834
28.023064989525142 -1.1167789996742192 -6.778269630169547 -0.011972160189315826 0.09139162801247534 0.0008630591176510869 0.9957426840497449
28.254475918210233 -1.248807054994645 -6.666995946701935 -0.014970890034357507 0.08914392415455746 -0.0005526934282923218 0.9959060838090508
28.306169791949042 -1.3322003665331026 -6.810169967945832 -0.017321956302748045 0.09165955898088646 -0.0016382539638827617 0.995638383752467
28.32333032315579 -1.3565089783530142 -7.059126556888334 -0.0188534673910383 0.09539485477441732 -0.002351743409290057 0.9952581764310403
28.63369849113071 -1.4074982392261397 -6.924067639611947 -0.02204529892198464 0.09248050206269519 -0.0028037868284297883 0.9954664737263094
28.731218110622482 -1.414971800174876 -7.065884830213573 -0.02419612419950862 0.09463100204265368 -0.00304265217470016 0.9952136772039807
28.885453733623955 -1.3971721452002663 -7.120637634892851 -0.026140796271654325 0.0955722766656192 -0.0028821122779625888 0.9950750183438691
29.063459970365194 -1.4190675802590422 -7.1342422908502865 -0.030747371878188556 0.09585759884062615 -0.001669191439181206 0.9949186568092053
29.289588773528813 -1.4025732360921417 -7.084729211343408 -0.032408957565627936 0.09469635990077904 -0.0016189129360800708 0.9949772047700173
29.314187382635847 -1.2952044864752095 -7.322551912614473 -0.03390702686138233 0.09856268698137163 2.2302822857911906e-05 0.9945530200884304
29.548588392182985 -1.2162182099677727 -7.291170309738106 -0.03570595200510603 0.09745041557441897 0.0012508829233460795 0.9945988823579556
29.77313542835095 -1.1584035303150164 -7.239077032368792 -0.03767203183381102 0.0964017420841649 0.0022659703221030343 0.9946267578942112
29.82975318751625 -1.0312865592500595 -7.412092240339677 -0.0381522571718869 0.09928887237039129 0.0038016528966898252 0.9943197033808389
30.137460112265455 -0.8304748399659644 -7.4923233956068165 -0.04064203370406356 0.10042240638365915 0.007180106908358028 0.9940885330076479
30.276773345597157 -0.7165661469345674 -7.552959048076861 -0.041633938652722004 0.10139324567838669 0.00919084441744062 0.9939323685553048
30.266068668600997 -0.5786180108870228 -7.793165792367792 -0.04141032184567249 0.10542675825110229 0.01122285262163354 0.9935010978697177
30.629453223619414 -0.4828218436068698 -7.522123887187369 -0.04297271643975538 0.10088715895981416 0.013330674736023545 0.9938799826487542
30.758071770915368 -0.3482754443707098 -7.561090950499466 -0.04277704157598726 0.10156244697671384 0.015408217852045344 0.9937896059532583
30.87306457884958 -0.22061094678223536 -7.593202647973667 -0.0424024069687732 0.10248864633130678 0.01744611176778795 0.9936768823116581
31.11957272959032 -0.06251669700163176 -7.454372371236299 -0.04143609269347332 0.10012138331188701 0.0194566256585522 0.9939216259564911
31.171316456668645 0.08236424979814333 -7.531518566968665 -0.04085199783528006 0.10193582337510122 0.021865399658572295 0.9937112792373232
31.367005660888665 0.15619798064850818 -7.4272426326175776 -0.040990684645876706 0.10020725568385005 0.02331480925926696 0.9938484237295835
31.580828307299733 0.2748892163537767 -7.268781678704001 -0.04071995757952244 0.09769990101960026 0.025211928834626408 0.994062861714449
31.64100863443271 0.32633733618399946 -7.307217870903917 -0.04076219699196615 0.09872896685940265 0.026403794582273474 0.993928505492684
31.780758811459535 0.40236943868572667 -7.237225914474103 -0.04070681551467864 0.09788656005766425 0.027741926635986014 0.9939776466486834
32.0206979146568 0.4355285071257076 -7.0197318295244715 -0.039778790188834665 0.09464841880072875 0.027772386791281908 0.9943279233741502
32.295062824037494 0.4055273986505993 -6.869030597453191 -0.0391574204511217 0.09309477735248095 0.027429412023891663 0.9945087662807853
32.39759117982914 0.3302033130494854 -6.824382918510265 -0.03992222931262444 0.09308070923788543 0.027083671321851657 0.9944891512340456
32.480410797506885 0.3138995257071503 -6.830448723580896 -0.03785020812324974 0.09350853978315028 0.02608310584114639 0.9945567788328272
32.79691529935933 0.22030766854626604 -6.487705021283933 -0.03778531207218621 0.08830870058355297 0.024689926091074874 0.9950699729880653
32.90348579023498 0.1272248765006857 -6.442217752247376 -0.037541022941526 0.08826301190218515 0.023552165826817677 0.9951108520216854
33.006018880063216 0.02629869567258257 -6.421928565070333 -0.03655533562892338 0.08826159135533947 0.021883155409627052 0.9951857748369386
33.188562292178545 -0.10656449354620272 -6.257500485046375 -0.03597459065696533 0.08631875475033689 0.019883722274512548 0.9954192779898956
33.30942185853465 -0.20141556021059887 -6.18979332073523 -0.03469383495752773 0.08580450255539666 0.018170760599570117 0.9955419371459918
33.38762869486014 -0.3277169473627726 -6.184647261276403 -0.03336838445465722 0.08629152008814395 0.016061377229913933 0.9955814163800176
33.52360251194988 -0.4474038317411439 -6.094728139414647 -0.03231712127785397 0.0856974913179085 0.014376971678209482 0.9956931486856246
33.70956597228396 -0.5753438301459124 -5.942736116600998 -0.030419112237075586 0.08398253704635729 0.012200826406842098 0.9959280852134633
33.96030178171239 -0.7629902919343261 -5.8442797126214 -0.027513432740334687 0.08398630633055876 0.009964296214722827 0.9960371600340712
34.03801131860039 -0.8320574006451459 -5.879887034642086 -0.026105757300754973 0.08531519984398109 0.009361951050041431 0.9959679512835101
34.153770751506194 -0.8615406750524396 -5.844775744060525 -0.024107689287019646 0.08560906242148952 0.009062648635432734 0.9959958715518176
34.33998624709492 -0.9787463369926053 -5.692895535795059 -0.02515625730361414 0.08426984472990222 0.008968842899628243 0.9960849942874926
34.39833941373833 -0.9987253221641983 -5.7547410935649586 -0.024419946230350258 0.08587459071821064 0.009368369463762882 0.9959625768816202
34.49598628836282 -0.9800807422352953 -5.757192834287535 -0.0230331257896539 0.08657129377467766 0.009841709002824661 0.9959307340244301
34.66971947062121 -1.0131629140928136 -5.62748035194576 -0.023921513114807287 0.08552085260694448 0.010674566412950124 0.9959919671420925
34.81217945723322 -1.0077577216581228 -5.546724249988073 -0.023420440502520526 0.08510063881732324 0.011291841138101145 0.9960330609790337
34.885684877579884 -0.9360346829935777 -5.578084071721811 -0.022048723866395028 0.08620087544868783 0.0124539255191391 0.99595590393697
35.07597795268994 -0.9983891266292264 -5.420983295873508 -0.023465574145722864 0.08465883692142244 0.01295579375429472 0.9960493941413346
35.18327653336523 -0.9278028029450872 -5.389469659012963 -0.023086235107440137 0.08491422793076792 0.014537220221575817 0.9960146931003151
35.27519041616659 -0.8634562138544477 -5.378560393236859 -0.021849302717660654 0.08540502116951265 0.015605175876091294 0.995984472175979
35.49177569473458 -0.8330014705728894 -5.14017610515693 -0.02150608730033591 0.08271419160647234 0.016631535726395058 0.9962024105247386
35.75484566179368 -0.659028285778273 -4.894694379924963 -0.01861961206440228 0.08069954938216112 0.019661861464921868 0.9963705655928529
35.81384907822015 -0.5548632100058195 -4.867831069855671 -0.016332976143654816 0.08107208655958738 0.02124702996349725 0.9963478882342732
36.01823863215955 -0.571199633806988 -4.569609454899352 -0.01652342623298588 0.07762932259507235 0.02240455240804797 0.9965935483888847
36.087494740514536 -0.4467356806972449 -4.489825250634446 -0.013385817062421998 0.0769424229565416 0.024124480276026577 0.9966537477492169
36.148060075974186 -0.38942348194409165 -4.402582149004947 -0.010797309080194377 0.07626866321210415 0.025305148686968048 0.9967076595363336
36.22113966090663 -0.3942129204428648 -4.292787244792398 -0.009467418599626427 0.07540037640364393 0.02629358252820337 0.9967616559343968
36.31523056274438 -0.44323465703187676 -4.17878966392442 -0.007990385754478123 0.07429343076224222 0.02637719090503552 0.9968554978937668
36.407823586592485 -0.5123023313266619 -4.098433864777478 -0.007104112000864021 0.07369749527348636 0.026284920076992176 0.9969088793664342
36.46374270372235 -0.580542229237797 -4.108686733274364 -0.005895212319015847 0.07445214557022037 0.025818299748252834 0.9968728805067444
36.52092877959412 -0.7227027643692802 -4.140891631533399 -0.006192980735290717 0.07557976991458237 0.024869086363728848 0.996810350022864
36.64575459746151 -0.8533872641074564 -4.082564752370868 -0.005102830083009128 0.075420126954973 0.023231994495468297 0.9968681156537219
36.83986174740327 -1.0718790722876985 -3.9267781473668335 -0.006044224181594304 0.07371557366303118 0.021185458557450774 0.9970359361122765
36.98436687362727 -1.2824244370798623 -3.834668402447312 -0.007582227384571679 0.07312887911758573 0.019379951893039697 0.9971053576887037
37.11808943524314 -1.5868067059950124 -3.8796921408277703 -0.009947896737788675 0.07479416174712245 0.016140900530190197 0.9970187280332873
37.43187799159109 -1.8622979439532186 -3.432662804095767 -0.013577462751568181 0.06900810963104098 0.01334165032861663 0.9974344758814431
37.536087492603635 -2.055358338580895 -3.303792658631154 -0.01697005548802464 0.06786912938524946 0.011300322080825676 0.9974858902330855
37.61076420333811 -2.176804130710721 -3.213566029052076 -0.020038054872112805 0.06720833682345025 0.009804766562541539 0.9974895399807568
37.94066530395001 -2.290301430744037 -2.681354195573703 -0.021097611804830243 0.05991520157586519 0.00709854263186114 0.9979552445319178
37.97830422875896 -2.351446509074472 -2.692561833000948 -0.02388505612575944 0.0607718189761847 0.00615460715186901 0.9978468875148137
38.08240309702173 -2.411476351826618 -2.6035295133080263 -0.02656412602157707 0.060202744179845794 0.005303139062006752 0.9978185473912653
38.26404860097896 -2.4344557806631015 -2.410084947155995 -0.027167513728001316 0.05787448134939408 0.003944407511277073 0.9979463473833463
38.449514765398824 -2.3686447152987107 -2.2461868720619154 -0.027802914921249377 0.05613433286022892 0.0038890615842350844 0.9980284614159122
38.526724217159924 -2.3201618396709773 -2.2862881374576554 -0.029015470232318607 0.05732225001521534 0.0041023646863807195 0.9979255647313433
38.68550926657874 -2.2535165010748903 -2.178261628095351 -0.030377564364907357 0.05652447469516607 0.004611297380558603 0.9979283157021648
38.88735679674517 -2.1304539507352023 -2.1965156470320837 -0.03303676725270422 0.05819904447643986 0.005925338259808108 0.9977406143873401
39.155535047628284 -1.9975922152822991 -1.9117387257086764 -0.032043623218180724 0.05473252542554835 0.006419130885307016 0.9979661074556943
39.2081123423496 -1.8629516643116153 -2.034810384196132 -0.032378055111598025 0.05712445353097638 0.007984394336198122 0.9978099557546326
39.36764963352926 -1.7881102925357006 -1.9351698763895728 -0.033627705136256625 0.05660269625819942 0.00924294804227227 0.9977874924727504
39.601573448402306 -1.603856216222246 -1.7167504927621273 -0.03155733696977778 0.05403304275489338 0.01048210023557134 0.997985315697919
39.71419582360945 -1.465880105426939 -1.719417081846446 -0.031439761127513954 0.05480261613963052 0.01225067855321849 0.9979269189472157
39.85773675388764 -1.3478697514026488 -1.635002042090446 -0.031141865883109725 0.05442857870057665 0.013858242311318884 0.9979357008996093
40.025298341546176 -1.2262516146273255 -1.4897538912491703 -0.029908353998579145 0.05324388171564935 0.015246173765614638 0.998017100858725
40.14290215077603 -1.0847453870076125 -1.433100237794845 -0.02711831424115234 0.05317434492161839 0.01646116087555699 0.9980812172651602
40.25721398184911 -1.0179617334441902 -1.359757379678923 -0.02606150220984677 0.05300047753078578 0.017623967484606724 0.9980987642784537
40.37389648679817 -1.0353325169308183 -1.2704969189594297 -0.025648322629770896 0.05256362722846068 0.018094956390797057 0.9981241411728712
40.49646837221437 -1.0125760174219747 -1.1762806988838537 -0.02374094255425425 0.05198983976820324 0.01842462676396651 0.9981953502877684
40.618059569975316 -1.0270216791003934 -1.0590755459072438 -0.02252664157983423 0.05152912492270936 0.018631940870127837 0.9982435326528519
40.71345123203379 -1.0642983296187125 -1.0514244604939893 -0.02154014535999906 0.05215414909509495 0.018631372056210235 0.998232858027294
40.77870848073788 -1.0991091669836888 -1.1113406577145228 -0.020373432759980627 0.05362495842522855 0.018648143511033183 0.9981791090856685
40.850589703064394 -1.2112737540869416 -1.1871466367079442 -0.020150165313015216 0.0555068340605765 0.01810796675032529 0.998090709179581
41.01304581082053 -1.2999615691225257 -1.1033685416512826 -0.0193342777243301 0.05519485377794109 0.017532296730663498 0.9981344260131789
41.20821255957612 -1.4146629919523406 -1.2884215630328175 -0.01806431895836581 0.05875669948812425 0.017196664255859903 0.9979607233675601
41.377780846895114 -1.5513369552594505 -1.252991134978755 -0.019016567224557072 0.05921681283558522 0.016707810445120735 0.9979241395610786
41.508792376076954 -1.6011457249478547 -1.2775626566683833 -0.018198723553570592 0.0601880065723417 0.01646927971174669 0.9978852504930839
41.65467677880179 -1.7335639089557857 -1.2738581382181502 -0.018353987028462394 0.06064715635210316 0.01558288763576709 0.997868842683994
41.85966631804768 -1.8570486097474075 -1.1191380067026944 -0.01868700685217399 0.05926686546130266 0.0147583156074959 0.9979581286575746
41.933761475812965 -2.0059005226924613 -1.2052634394846011 -0.020244515933891555 0.06101251973339356 0.01409939218117263 0.9978320696141743
42.08449403474079 -2.0807523846990814 -1.129611555199004 -0.019984595413741573 0.060548034849087634 0.013393492022402196 0.9978753257764763
42.1809633867304 -2.1414648696560534 -1.1622710640210947 -0.020363262431261794 0.06158253472640829 0.013056473157616997 0.9978088281171452
42.31826723001322 -2.229019859524232 -1.1211274810754566 -0.021957569757411706 0.061680686202590373 0.012714217039948796 0.9977733744518277
42.48677602835394 -2.2194648979869567 -1.0342375916271527 -0.020530285127335263 0.06092657228008489 0.012183140879371198 0.9978567188034079
42.63110053887289 -2.2406629078779816 -0.9833803630935362 -0.02157368669893186 0.06109433558037322 0.012384222011383617 0.9978219727222797
42.717423731579444 -2.2273844518319956 -1.0648131731803332 -0.021506267042017888 0.06254374907453197 0.012556410479480211 0.9977314751402254
43.01439163594701 -2.23001707637605 -0.9428335395485314 -0.02315866022039397 0.06219190851130466 0.013184203594860602 0.9977083841223783
43.14378892894169 -2.158724176892459 -0.9321957762417424 -0.02182410715412834 0.06252228005533679 0.01352689689179302 0.9977132333010753
43.25805140762241 -2.0870977925445198 -0.9259113141775978 -0.021608012434580774 0.06309444511289773 0.014345962174531275 0.9976704757402663
43.36137389079933 -1.9562693820492834 -0.9508169211423951 -0.021210927020990165 0.06380761179723804 0.015813774460375338 0.9976114523144567
43.7360047886195 -2.006464511955242 -0.395003196841459 -0.021251332264518457 0.05765725147989277 0.015166880834782166 0.9979949839325402
43.782360775998605 -1.8901360398389762 -0.513245232498009 -0.020843012446023056 0.05957487918089485 0.016593613891719747 0.9978682551222727
43.83852223132538 -1.791752344585496 -0.6039390471438687 -0.020503923009383376 0.0612588108801795 0.017854558499709336 0.9977515532293358
44.04491921637323 -1.726797451229864 -0.36540565015840143 -0.020384569411629406 0.058953943266619395 0.018745138299433455 0.9978765062337893
44.281742383704824 -1.7309290886493804 -0.07308727631590736 -0.019420700141673585 0.05578855444867466 0.018538638241787815 0.9980815560317076
44.39719285296704 -1.7360227741266299 -0.041694597747910594 -0.019242275904161533 0.05588715184622471 0.01877432183836601 0.998075090319388
44.404493348259045 -1.6390064405116909 -0.23270182046936044 -0.017177106728161633 0.05872575625174391 0.019573417305317108 0.9979344236432082
44.85628449731224 -1.8709628480286262 0.2510636393236772 -0.01825758169614182 0.054053476276996616 0.018117814184167615 0.9982067056587873
45.005043043165415 -1.9820866585911217 0.3142987939211527 -0.018492686304916944 0.05381000097298455 0.017384405684225678 0.9982285744194671
45.03734898169934 -2.016542104041171 0.09814610750046794 -0.01707668911849921 0.05679513997730201 0.01702436498120659 0.9980946196431957
45.2430674564112 -2.1951345278324856 0.25750469568822076 -0.016926451721972623 0.05541428356771171 0.015459958862544056 0.9982002514930306
45.3671437545278 -2.348894196781251 0.25620879382648937 -0.018081817315953413 0.05635152562462558 0.014810266004369337 0.9981373700364141
45.54265748108575 -2.4746148941643855 0.3242675218090642 -0.017293219827712536 0.055942356091856896 0.01357398654292417 0.9981919375712343
45.66523759353295 -2.572442650326179 0.27928725178932345 -0.01760745327507124 0.056911907592904834 0.013092488034524547 0.9981380661613747
45.76526135228561 -2.7086571251887066 0.20130087873212893 -0.0197152827031631 0.058479733411523654 0.0128412948148644 0.9980112872886404
46.10164011496674 -2.787134401293198 0.6071013189789353 -0.01921764401073261 0.05424839626440035 0.011896653732426666 0.9982716380281411
46.17964105750122 -2.8473760653691818 0.4276160600785664 -0.021842021486926492 0.056658615794508586 0.01241195780591511 0.9980774873009806
46.44216880216287 -2.8397220723964853 0.6544360654658228 -0.020401888250782343 0.05412781116919584 0.011885872258948193 0.9982548116861137
46.589539531204814 -2.8916260219804286 0.6372133162252936 -0.022812360155413852 0.05473391024803545 0.012236021497220324 0.9981653545735892
46.92870417220134 -2.8627647873870488 1.056873629646029 -0.022764753948740706 0.05033330360641862 0.012232269194560443 0.9983980649600985
47.00315997807166 -2.7896508872870345 0.8872702414168685 -0.02414903289016951 0.05269777021553631 0.0135748639207344 0.9982261729158947
47.24055652531745 -2.50636306633202 0.8064963302346245 -0.019189657353898153 0.05432726165290402 0.01497707783332474 0.9982264236291841
47.38947169693442 -2.4618197834565847 0.8749026009814369 -0.021613523810262728 0.05403133589092472 0.01648894388856957 0.9981691164626287
47.68211075038301 -2.3414492067775865 1.312165196085964 -0.01736607693071454 0.049238105176244364 0.016381521124479874 0.9985017146386569
47.74749701094895 -2.2581447335854894 1.2534762281340985 -0.01774170457708475 0.0502987361311091 0.017881968761701547 0.9984164983890831
48.00910612440079 -2.302316317665123 1.689527928253081 -0.01581572445570446 0.04547993076859402 0.017070241329082782 0.9986941702133801
48.11248837343449 -2.2825199092597868 1.8126111769642848 -0.01470651731407844 0.044932790180491476 0.017548017000729145 0.9987276054132221
48.26626984015476 -2.2789259748111386 2.033395453260205 -0.011151951361619781 0.04259613162691039 0.01689281531206514 0.9988872991194169
48.384834071753026 -2.389256895200262 2.17393911795186 -0.013677465154892874 0.041535083369273515 0.01714628165742368 0.998896275306785
48.45365133451975 -2.497079103149763 2.171523354959635 -0.013694105345049173 0.04218323971415974 0.016541378909559798 0.9988790860508527
48.48192731860446 -2.554886885608454 2.047848211191036 -0.01407662330510288 0.04391405219379428 0.01639948247597538 0.9988015126494189
48.66381837936189 -2.66162629121943 2.253786564345498 -0.012776155999173141 0.041810246273353245 0.014891946746800779 0.9989328821630294
48.79335806213636 -2.823702523284447 2.310742769444523 -0.015228666456856174 0.041675322722217384 0.014079514215534024 0.9989159236259073
48.893899537959044 -2.883378954835332 2.263547510607987 -0.016195537625861848 0.04270901903561132 0.01375231031663645 0.998861611142895
49.235142911343885 -3.1277533980363104 2.455013991126123 -0.02011549829096327 0.04160026951874348 0.012208311739849325 0.9988572177388202
49.3875010666054 -3.1276262301371447 2.4579033014301417 -0.019632920168178504 0.04154503983866164 0.011710809138683598 0.9988750748015446
49.455179422069435 -3.059452973823852 2.2865228327493536 -0.021102501330783025 0.04389470907282524 0.012542222491260007 0.9987345150779441
49.71646690096174 -3.155181837927916 2.613067817905578 -0.023184406131406838 0.040776149361422 0.011722312712212586 0.9988305043100486
49.84216598121378 -3.14196847550282 2.5639102667942195 -0.025508551764733423 0.041236518533829085 0.012145240466780659 0.9987498968510982
50.01760788155631 -3.0793788568683107 2.660434152873878 -0.024395137674991036 0.04025477188767446 0.011922103230670552 0.9988204513588249
50.192047042862306 -3.0320971376009855 2.760684689366217 -0.024517633246124392 0.03927107362451886 0.011982292512376239 0.9988558920597775
50.44460227751524 -2.9942605012135393 3.0991529193723255 -0.024023953300206458 0.03577825108280654 0.01170860430099025 0.999002339838405
50.52073745544139 -3.002094098844199 2.9641864484410294 -0.02585400222409877 0.037308285330179373 0.012063940101775873 0.9988964529739501
50.636821730741616 -2.935266952646184 2.9202230638970996 -0.025129621706347128 0.037817114907984846 0.012313887426172392 0.9988927550590142
50.793397447902564 -2.797200247318772 2.962192101404917 -0.023299257088181795 0.037211183470533316 0.012899222185572991 0.9989524926195782
51.03750954986748 -2.779998301945471 3.254955078540976 -0.023847544332224472 0.034460403750053006 0.013114292872443313 0.9990354300650011
51.112126315205906 -2.83384849427706 3.063225362057278 -0.026681684501974483 0.03644046179892005 0.013481904068189145 0.998888591745203
51.255859185873014 -2.7898842336165117 3.1009374286648703 -0.027064815021518106 0.03632034144444969 0.014141488742331749 0.9988735389834691
51.62153161250005 -2.7396732501923053 3.265820780836065 -0.027269103155509383 0.0344844577297455 0.014875435293678687 0.9989223891839661
51.76542964079531 -2.7368816449389484 3.222707127856121 -0.02715324422780464 0.03444016406213207 0.01501425004098333 0.9989249965452789
51.901855245058755 -2.664881490716126 3.180199165911252 -0.02430942970582545 0.034604631268785026 0.014910984362387648 0.9989941109273235
52.13381868786802 -2.7329897650477446 3.381481637171472 -0.024831669447623585 0.03293715069125716 0.014483415248374137 0.9990439244495352
52.287515452785534 -2.7243945532800042 3.3833910731479775 -0.025796943281610172 0.03269006051140074 0.014903908367684229 0.9990213967560725
52.45816183610839 -2.7119093873931477 3.428811796360843 -0.025507931247787118 0.0318425334800976 0.014886282977465515 0.9990564534019796
52.56685050328201 -2.886357077401804 3.341759764240703 -0.027358176508969847 0.03274923016060504 0.013722281481940221 0.9989948533866039
52.563351971406995 -2.7564031783970044 2.905376151235924 -0.025816234175415523 0.03688939587703863 0.014555616602248083 0.9988797868363117
52.85912123134738 -2.81853164783758 3.2749084638035133 -0.025140086765954625 0.0327184545137483 0.01343486708774765 0.9990580479221248
52.98321862627781 -2.8561740891137335 3.1244388101328524 -0.02767758753916257 0.03372678847476121 0.013616083641723035 0.9989549825459866
53.135229785261195 -2.906455727399971 3.042037291753874 -0.029538295192195436 0.03437880962707019 0.013452338896438211 0.9988816852580589
53.26861725556112 -2.828782030670894 2.91808727398283 -0.027777157085520397 0.035329533660279924 0.013339238034064671 0.9989005547722276
53.48525621965008 -2.8357437928936675 3.010896717702353 -0.028955695781467634 0.034248159608710964 0.013302603576645545 0.9989052367383555
53.706604522432066 -2.758789355379014 3.105033012420389 -0.027936497457812036 0.03294829441681608 0.013399810899649176 0.9989766799443649
53.83504780195324 -2.5761724898381297 2.4055445727923668 -0.02581881385316712 0.03884790716549876 0.014165035915307433 0.9988110835976913
54.0221146791779 -2.6966455828526783 2.4299980245610526 -0.030078296630440097 0.038245481857611084 0.014126884280022381 0.9987156804265312
54.12555469625605 -2.6328376971490157 2.2254837850027047 -0.028124258295409217 0.039850055357078806 0.0140160985288933 0.9987114438942808
54.196803438871605 -2.6087829988909053 1.930556188467549 -0.028655032486977587 0.042431548438880785 0.014392218264136659 0.9985846568337041
54.34753955457625 -2.6664590345073744 1.8389164749563134 -0.030149246513370944 0.04306633127335847 0.014291174761385916 0.9985149354763148
54.63401523362775 -2.6698220976384937 2.118653201396402 -0.031900581037589144 0.03971813350003272 0.014632563000574741 0.9985943675490925
54.83776712419242 -2.6441644959546444 2.23125978966002 -0.02956427275327263 0.038367339694351604 0.014260984096662318 0.9987244491620014
55.003972420709296 -2.60157399230539 2.2293024100133265 -0.029492861543644902 0.037927283722374604 0.014678468272679214 0.9987373202381985
55.04820645420696 -2.52384545945932 1.9080433505130798 -0.03021435167859322 0.04075648882963201 0.01572583835110964 0.9985883534165002
55.10950773361948 -2.5933957436371053 1.638377216319548 -0.034194968865014205 0.04277488925558989 0.016439936320800715 0.9983640325288471
55.59719145324659 -2.281168962133093 2.1891460205589826 -0.02707987732128788 0.03642462721470196 0.017034696393400144 0.9988241816732906
55.716689121393266 -2.3991973377727485 2.1342345560608087 -0.029112060238035784 0.03634404997249775 0.01663760504884898 0.9987766457414451
55.79229715984121 -2.411945640295826 1.984848131894592 -0.03334470423344335 0.03706961060006242 0.017856124607546944 0.9985965819506613
55.93088899907739 -2.2979095733169155 2.0882383827182562 -0.028648928055009237 0.035691389833088324 0.017646294905817605 0.9987962614513424
56.01021053627947 -2.323717664669021 1.9868837963520494 -0.02887509412962224 0.03605200690107409 0.017709278375288382 0.9987756821212844
56.11841730322313 -2.2146200627068517 1.9907239637096437 -0.02584235348045516 0.03586194205266328 0.018144292246067204 0.9988577869435128
56.19690092959589 -2.32953571018979 1.8254248725126438 -0.026963566071839428 0.03662542293727664 0.017748561301493725 0.9988075555736862
56.362301651551086 -2.440704327593774 2.006163860631055 -0.027756530625947164 0.03478421507172719 0.017229238722645767 0.9988607444095963
56.417531283179954 -2.6088362428635867 1.8210343764727586 -0.027444014543446683 0.036208787464663515 0.016096561875957944 0.9988376497068236
56.522304448286285 -2.659105819711124 1.7614643924890054 -0.027227961388404744 0.036423509665431786 0.015844708435597148 0.9988397825862136
56.63760622423669 -2.6912783232821464 1.6651938101190626 -0.026426005588676676 0.03691102383173094 0.015528394827366702 0.9988483926514604
56.75910979961543 -2.6743815911266955 1.5399308517282786 -0.02448653100068605 0.037523769740204625 0.015301215354855204 0.998878495770482
56.861352028674794 -2.753019490664431 1.317685748064431 -0.025323670509416692 0.0387732303621365 0.014966456023647759 0.9988149746140711
57.01119453465132 -2.820455984842557 0.7463876818531319 -0.027887573855597415 0.04328371349843482 0.015233132447101776 0.9985573368846093
57.183546341622 -2.792118356208259 0.724282960367807 -0.025698057671982532 0.04294708147363893 0.01464028718716921 0.9986394845067269
57.171093930847405 -2.6929125492345753 0.11246911872431666 -0.026175931471540896 0.047418101680567926 0.015534879954249963 0.9984112438015788
57.27887850384651 -2.662194799787441 -0.06392219508443302 -0.023082738715733762 0.04857119712944016 0.014689093971738546 0.9984449191122581
57.44305901848858 -2.8276325423245785 -0.04763670156504197 -0.02485407811267269 0.04812661199393924 0.013466779030335638 0.9984411599496998
57.38025629924242 -2.771658479704392 -0.6899778769543604 -0.024866871945728564 0.05307209660029325 0.013770854904205628 0.9981860321589815
57.391026599349274 -2.8588352546404576 -1.1208757254177308 -0.028873613145123673 0.056147735079392636 0.014001742022297457 0.9979066577239282
57.424140086149826 -2.8583762585429024 -1.419775897907796 -0.03204323359492806 0.058515870025628317 0.014751479491244092 0.9976630282759525
57.73424471235548 -2.7799161020771 -0.9354716874321996 -0.03230773715328599 0.054326993164210004 0.015069106726998663 0.9978866217943902
57.83924229856422 -2.785431263601473 -1.076813936990794 -0.03218232287707228 0.05509368365345591 0.014606216473047898 0.9978555218848424
57.797383242046266 -2.659792101655703 -1.6901217556265238 -0.03448762475283085 0.0594139519533606 0.01606363306968832 0.997508168259686
58.63593170254003 -2.6060279900456087 0.25566751723162856 -0.02882004726413927 0.041293150472276795 0.013786927556506677 0.9986361705988415
58.7749574272037 -2.532527588782066 0.21942932857881223 -0.031176189174782855 0.04129832570070035 0.014730469887907664 0.998551704610101
58.923431547242124 -2.286546843112733 0.21530413440291274 -0.02991670415177263 0.04093137431240442 0.016194673420635297 0.9985826685670005
59.29260122459091 -1.959018085904929 0.4542813923811835 -0.0270738979538025 0.03769838219289435 0.01810846289487135 0.9987581887530187
59.27280180100527 -1.8208466047890985 -0.05319973919725499 -0.024950225891804866 0.04170700487441611 0.01907072889588581 0.9986362297011525
59.59385408997931 -1.711854811266029 0.5112842015840486 -0.02379291224911083 0.036350132518691854 0.01994006650483672 0.9988568260468376
59.67371656492169 -1.6775637351397668 0.34487759336703305 -0.02240876712673817 0.03711510325769475 0.020407664506001056 0.9988512619481645
60.11311679832923 -1.6478212806005954 1.4149408008329787 -0.019680591282930173 0.026918645542664668 0.02033990583917378 0.9992368833661797
60.19028432440766 -1.7099413131712171 1.3738413675488372 -0.019911740060356904 0.026846031557647098 0.020678548653501563 0.9992273068841541
60.33583789759059 -1.8820090450289233 1.513331719304979 -0.01987146751017105 0.02508687021698506 0.02003567090571063 0.999286918563966
60.37649265807645 -1.9570145374043373 1.256490668634395 -0.018701022358685652 0.026926669224164368 0.019990260981607114 0.9992625359299325
60.45611132582363 -2.092175165170289 1.026859079443128 -0.01623381322620422 0.028109652354334082 0.018970399424051966 0.999292967401626
60.622169004030674 -2.233574521940645 1.05742508490741 -0.015384901061547976 0.027301696372215137 0.01821716349383831 0.9993428126267605
60.70240425676632 -2.4634553534769337 0.7919862990510882 -0.015349450714710559 0.02928572200002734 0.016862698780364883 0.9993109577301434
60.80882771957664 -2.566638315429036 0.5651005690172108 -0.01345852652288233 0.030637104580724644 0.015936294524867053 0.9993128991479893
60.89954881932033 -2.726785742208298 0.3236874135097039 -0.014411113111530531 0.032223758517838215 0.015105209631054247 0.9992626190586099
60.98109156960237 -2.85507411739444 0.029623556430933576 -0.01656946144867808 0.034202813949817945 0.014677674298587342 0.9991697485124335
60.93250527174056 -2.9139418051057615 -0.616991428052127 -0.01630563552762231 0.03934157788119631 0.014082884471515435 0.9989935129242933
61.3230683590115 -3.098732258826939 -0.4928926385670003 -0.01888624612266479 0.037180007636203945 0.012439854811042804 0.9990526546443116
61.40328043105602 -3.028347498701827 -0.8270413374377067 -0.01800065739263316 0.039573680282263435 0.012265982362259852 0.9989792019051442
61.71890435416586 -3.0671091802109887 -0.47546666791949344 -0.02126117759488725 0.03537701764207977 0.011909409449335615 0.9990768713750703
62.13721245902281 -3.1595686977924045 0.21482143617457838 -0.025336389050982594 0.028421510133689827 0.011133876563983144 0.999212851170478
62.138975212659325 -2.996570328071852 -0.5076732276491619 -0.028156495675887554 0.033884670349898505 0.012434062731517235 0.9989516679752435
62.15175207098932 -2.8366340213692225 -1.166363404080959 -0.03124404349483559 0.03891790280887154 0.013809649981105761 0.9986583500649515
62.11950188451987 -2.6532734213699163 -1.9304454208695974 -0.033827254002244476 0.044863059475318726 0.01534703025677616 0.9983023046369668
62.070599923667025 -2.344000978427125 -2.694546663076823 -0.03615206626587924 0.050660257226831144 0.01792398762092259 0.9979004444884189
61.97253021641047 -2.054093743991108 -3.529611827772124 -0.03814423951304659 0.057327254808563544 0.020433574784521704 0.9974172005081979
61.88789844681657 -1.6880215238009164 -4.738118504027766 -0.04279746680449149 0.06631482191618074 0.023853250135527238 0.9965950750868257
61.71769586708978 -1.4453564902711962 -5.614941127703909 -0.044333351909745335 0.07339711816196011 0.026164271775986094 0.9959733168295215
62.13496542535489 -1.3323181702323001 -4.86254513950992 -0.04488341231501809 0.06641396895205211 0.026553635613533928 0.9964284060898202
62.31171284318765 -1.312573596730734 -4.747824382415389 -0.04731156840984671 0.06509608408522811 0.027167289096877777 0.9963864981695085
62.27347352812223 -1.3019550724005404 -5.1550822543727834 -0.04801879611243717 0.06810284294638615 0.027513996445143105 0.9961421474880725
62.25303598073215 -1.2656332854401524 -5.502085902058689 -0.04777213274615115 0.07048598801403502 0.027837095834374284 0.9959792392023427
62.22332059334146 -1.3606968989070938 -5.819124678404209 -0.04770318745873443 0.0728770219380392 0.027259400353595076 0.9958264259759739
62.196337105218205 -1.339012475210552 -6.154965783794301 -0.046813255096748045 0.07514484784287565 0.02745325399334926 0.9956947774469316
62.159573984958485 -1.4623128427123016 -6.492346733110326 -0.04568125547951489 0.07758458594722564 0.026525639567890096 0.9955853782407249
62.097814610560874 -1.602142588893264 -6.909826198551062 -0.04429110983846999 0.08081261578298041 0.025541043257086605 0.9954171355913704
62.07156477733934 -1.7913702766641255 -7.229520832954715 -0.042921064131487906 0.08312536428130672 0.024193092346742003 0.995320375733172
61.89720751802214 -1.8721659285376073 -7.934692251575775 -0.039422296771944365 0.08930939884543322 0.023617135625339795 0.9949431866694431
61.841886703670404 -1.962803134788337 -8.666840779270576 -0.032800865932563865 0.0942016225549539 0.022823374704368023 0.9947508487401214
61.933127809223095 -2.1008397683819333 -8.740910715685299 -0.029706618112419717 0.09493108156264853 0.02182178988996577 0.9948011942492162
61.95389723428849 -1.9708522301168712 -8.94485723010853 -0.026077046401957942 0.09654298155949023 0.02276136087792761 0.9947267769661872
62.024717542395635 -2.0414255807155857 -9.013964102559369 -0.022879244242521656 0.09701413094813727 0.02208019726582354 0.9947749813239027
62.09371125826528 -2.025534870346123 -9.095947981330971 -0.020801232685485987 0.09740125872730036 0.022328137371223383 0.9947772402898216
62.0492835777948 -1.9982407662686532 -9.448516664532962 -0.018674594614470994 0.09996484948764467 0.022492314041915703 0.994561402926907
62.00724866994041 -1.904257715275517 -9.795359710562193 -0.01705317012291618 0.10247157694418499 0.023179182936684372 0.9943196119888809
61.94730207262511 -1.7621191898675945 -10.181538794740183 -0.016121198952781867 0.10548770018265048 0.02432034634276661 0.993992441021695
62.07408920417822 -1.7476725623675333 -10.174708498530338 -0.016427454090101757 0.105204315997743 0.02461970071657583 0.994010090987104
62.01841458623239 -1.6182901249432113 -10.568089425771396 -0.016525822283559345 0.10830512922142886 0.025749547082718104 0.9936467465891571
62.01716442659792 -1.351819564886671 -10.859981118548665 -0.017065559139073996 0.11063301631624094 0.028046411613399252 0.9933189322607583
61.942313482572956 -1.0634882542992086 -11.318283679942562 -0.0172774780250633 0.11419300671072018 0.030379122635045202 0.9928436709167178
61.857791138853536 -0.9183617253305131 -11.811993312215625 -0.018354185473786002 0.1180160443384933 0.031709134995698 0.992335562152296
61.93983643403302 -0.7381298876574238 -11.941508803618813 -0.01965120664687932 0.11897942295031655 0.0333339595093864 0.9921424162564354
61.84828531608289 -0.5887361093586413 -12.44346420416918 -0.020312650784155915 0.12294978553209869 0.03465880443901568 0.991599472433598
61.71184560539713 -0.5497158964537556 -13.273124280265444 -0.0212222186400522 0.13015290833932194 0.03530523920226686 0.9906378641924003
61.63957531706634 -0.3641677963605077 -13.703948994371164 -0.020917707672391202 0.13379490617222542 0.036867236955221504 0.9901021055564851
61.59734170024144 -0.18143995482390685 -14.108735899538038 -0.020151768067437105 0.1363724065977606 0.03822479031866193 0.9897147762702069
61.60503433008703 -0.24693677902928132 -14.374872314946035 -0.01974405439295768 0.13828984943864767 0.03769960184936632 0.9894770486872161
61.488662388879746 -0.23667508266532788 -14.860214017242424 -0.01907769632597691 0.14231621106645068 0.03781680628994118 0.9889145699870198
61.48281560543854 -0.27796238780403787 -15.137399663704825 -0.017993182879839642 0.14433503508235543 0.03738028311215873 0.9886588680895361
61.38986179308724 -0.40142484604972883 -15.514608267582018 -0.017385089115050226 0.1475702321454847 0.036420379585103274 0.9882278791917715
61.23925382783344 -0.7323831112859487 -15.924822454531977 -0.016923229482420428 0.15227784294881552 0.0338697723323668 0.9876122221666228
61.125552265610956 -0.6443525600966806 -16.27285529827206 -0.015938682929017324 0.15575030086486083 0.03444302122786183 0.9870671104112885
60.95845642303531 -1.0305302344505909 -16.733515181692116 -0.015705978568592145 0.16010844453470321 0.031243005340955844 0.9864798441139817
60.82814473343341 -1.2542110114034342 -17.112967700023326 -0.01550368934824713 0.1638545356072502 0.02935107911708919 0.9859258800397664
60.788773023425854 -0.9305559096186902 -17.43117834859283 -0.015036146516957833 0.16567516217346656 0.03171542061958746 0.985555572776918
60.64137334633968 -0.8534522402108469 -17.928594694369004 -0.01388750086678965 0.16939935306461226 0.0318103762668071 0.9849360875014835
60.54974664654687 -0.8265952921803453 -18.31776328916332 -0.014049533841269592 0.17251393099256718 0.0319763436132416 0.9843876612704279
60.29432121140623 -0.5390656191496835 -19.19297665068977 -0.015046334254700417 0.17967754998647997 0.034471227691566804 0.9830062666726942
60.13250626523265 -0.4117333347878647 -19.65053352644667 -0.01621070193057888 0.1837036058851954 0.03592853177612091 0.9821910908433791
59.99198638410679 -0.330549835732245 -20.073789340567313 -0.016825470759588963 0.18726136234414467 0.03681058449905211 0.9814759633203308
59.7843476513212 -0.10382741277046639 -20.564472218652494 -0.017027800341241787 0.1918612043739127 0.03881594320782031 0.9805063257443155
59.56766394286879 0.06279825782619959 -21.07188643947118 -0.016736642685700426 0.19655984961330994 0.04027138383064459 0.9795214780473009
59.38518939990255 0.43347404869324996 -21.547879611994023 -0.01551342108281151 0.2005373149002432 0.043070805890727565 0.9786158719226004
59.219625481915614 0.6161531706171042 -22.002082925929056 -0.014506458372176838 0.20429142435593645 0.04452563700399786 0.9777893659932629
59.031199926126526 0.8338615317497517 -22.518741441417035 -0.012927202912655941 0.20829785754754407 0.04602180004707124 0.9768965574135193
58.85553299489211 0.8726543442276256 -22.997330996666054 -0.01208321849324495 0.2120865829920277 0.04628641162477669 0.976079323233779
58.589347503759114 0.9964048250171857 -23.586079175773754 -0.011014798019290298 0.21714181646535047 0.04719869904996193 0.9749360946106742
58.38109371079926 1.0846134708085093 -24.106635936222045 -0.009846544341490971 0.22141795022167973 0.04776673764045166 0.9739586621922663
57.877998095680326 1.329786286057151 -25.258658451555238 -0.007287924134468666 0.23114772189441402 0.049500361929872845 0.9716312731657233
57.524101489658385 1.1430338232787691 -26.03208043159833 -0.004716210810937543 0.23770499443008217 0.047650399767130786 0.9701564473736254
57.1645275217208 1.4198593738314242 -26.806981255434913 -0.00283376256228477 0.2440898823083357 0.04958193785358399 0.9684801136745796
56.83837338839207 1.1201944254572278 -27.531278452950012 -0.0002649952014032825 0.2500562928025411 0.04670246322633211 0.9671042653902351
56.52745442074124 1.1331725727565356 -28.19549129450448 0.0012549896324009868 0.25552369077753934 0.04653638833532718 0.9656813309850981
56.19213074275811 1.115841261233566 -28.87753311649222 0.002828502687059033 0.2611892716121033 0.046076039661664125 0.9641831581895552
55.845027795268436 1.089382863127675 -29.55756894734452 0.004063745181446349 0.2669233157309278 0.04561847275706656 0.9626288923762991
55.50491186254337 1.0802431493626343 -30.164406642045577 0.0046293739813763795 0.27237721592148345 0.045519451669569944 0.9611020760892695
55.18138654338914 1.2502544312728665 -30.730122008661446 0.0047074605151980805 0.2774318446238747 0.046908234158342006 0.9595879474921714
54.848893528714896 1.2250938666835947 -31.311166269655192 0.0037954641129377166 0.2827138413917989 0.0470190698937714 0.9580436761463356
54.514057970552116 1.4475746850387754 -31.866519217892137 0.0026035767772535946 0.2876337361764608 0.04916615516430157 0.9564741211279555
54.24064670888632 1.8164421086329683 -32.317077877872805 0.0012950569208589678 0.2915811901128742 0.05246352400674146 0.9551053926393285
53.95387165892062 1.8158393523757428 -32.79663650003197 -0.0004052105131389494 0.2958850482886803 0.05295986944235704 0.9537542273732231
53.630457087959684 2.0704031445682785 -33.27623801268096 -0.002072561830632029 0.3004210346783096 0.05554690779820485 0.9521856160667046
53.12347969375392 2.3446806872058166 -34.020127616479556 -0.006207571489039565 0.3077778677736291 0.059079122639193564 0.9496019731619717
52.856100842755964 2.5937763761907977 -34.41877894739801 -0.008140931684300587 0.3114475800332956 0.061665754913764144 0.9482254293118441
52.55454426959166 2.653167053919803 -34.87349194213977 -0.01059938043879582 0.31554154344630164 0.06294706022964182 0.9467623012680032
52.18893026750768 2.5658610225223724 -35.47911909440985 -0.013713349095812413 0.3201836696302078 0.06316474721884431 0.9451479124811576
51.923181820794376 2.752399639722104 -35.8371504704301 -0.01655586163701209 0.3235395217834438 0.06568804840524925 0.9437866080774331
51.622914293306295 2.6881483570616855 -36.25186061214071 -0.01854483017101939 0.32763531067503543 0.06587576886224346 0.9423224371464416
51.399295873588585 3.2047681802257766 -36.503358065778386 -0.02022297130212688 0.3301463155707743 0.07075027773318275 0.9410572989714461
51.248898666525946 3.4823341672261012 -36.70073547073317 -0.021484454986518582 0.33194285207693586 0.07349290222140156 0.9401867657396786
51.09795118187961 3.2634406113296373 -36.89183530263533 -0.021176258590138476 0.3343327373475934 0.07174402657892512 0.9394817621753129
50.7004258878623 3.654185725688253 -37.31822400802752 -0.019586177834334143 0.33911316214357135 0.07476890070629984 0.9375650678144964
50.570200493118854 3.710835432212149 -37.46239426833496 -0.018794904733667062 0.34099853020009313 0.07515709947524897 0.9368661400413061
50.36395036825764 4.033833694049115 -37.687333672567064 -0.01758527253659134 0.34324943920104906 0.07755718019863313 0.9358714999814963
50.13552863547393 3.709844773213864 -38.01290703668573 -0.016592403289641733 0.34646221736311356 0.07475636428709125 0.9349332115672672
49.933681643115776 4.050034420361343 -38.24076329990272 -0.014847303948684313 0.34858889127540343 0.07711619331904088 0.9339798901329839
49.65680119903347 3.5021748568298356 -38.642141601529005 -0.013428589691917035 0.3525133778193439 0.07232864631390876 0.9329107987153328
49.425153890196526 3.3670479642692115 -38.956565284676905 -0.012157031397030022 0.3554137131193227 0.07093063158171341 0.9319346246479775
49.226083210649406 2.94867114607011 -39.241439206581695 -0.010519222217760854 0.35827596491286223 0.0670904399531718 0.9311426055103379
48.93279852710163 3.079118461927495 -39.527513237178084 -0.008926784827587882 0.36172232692255446 0.0678465407757607 0.9297710027867817
48.69213185793415 2.7232438018409604 -39.8524473625507 -0.007346573965855101 0.36475164594084536 0.06446676370453057 0.9288413755921259
48.50464174305915 2.663297759730385 -40.08068996836455 -0.005684123042119075 0.3669463158895395 0.06350566818092342 0.928054482295749
48.41175758412995 2.6450465573549016 -40.170477674917436 -0.004301369148059017 0.3681083127056646 0.06298818641989525 0.9276369207356795
48.42894102700598 2.5313846088413436 -40.17285085209302 -0.002465442299645889 0.3681147817726207 0.0614579471316436 0.9277436875393585
48.29315885364966 2.831024741977399 -40.27845002758811 -0.0006711536261693769 0.36945855292794877 0.06343733651403696 0.927079085923742
48.28356683314498 2.8276148172838464 -40.257566970847854 0.0008179240806809032 0.3696903939042185 0.06298532247881021 0.9270173638111545
48.148724232392 2.8882147047616247 -40.38301308777592 0.0021301199524647986 0.3711204063164076 0.06311810508270611 0.9264346773600938
48.1069850776561 2.9679431569504557 -40.41020849555635 0.0032340763184644608 0.37162139529694954 0.06345648593700488 0.9262075111444743
47.852936203377574 3.1923919567093693 -40.679430230614706 0.004353950010376872 0.3743663254591565 0.06498759899885927 0.9249905456045914
47.74860610482766 3.068943684824028 -40.81125383503559 0.0037986069338893785 0.37580824019935566 0.0642674143276347 0.9244584558752574
47.5324427297136 3.158475655373415 -41.0283140641643 0.003100700080139932 0.37830956773374846 0.06541686957555659 0.9233595669050341
47.27427252122985 3.249750451571135 -41.28942841703089 0.0025044326733564 0.3812417508834809 0.06649997871408742 0.9220771160978395
46.953335398606896 3.483875641666662 -41.623913904910815 0.0020824638573280416 0.38468936387995334 0.0686807114251232 0.9204850441696805
46.537819916148585 3.6623940989977575 -42.008654040029576 0.0017315863415273715 0.3890064715423197 0.07043881820994662 0.918536520556544
46.14230503062272 3.866453585999189 -42.38341435832209 -0.00012240487970777971 0.39317092123495634 0.07307301438710387 0.9165571156674762
45.75594753643643 4.059688247517826 -42.74457844946504 -0.0010190227464762004 0.3971761537738613 0.07518564312973854 0.9146568665533605
45.28426247834376 4.338610494566983 -43.15875655903213 -0.0015386838947445101 0.4019057159689959 0.0778927174728368 0.9123607578628191
44.82112238702306 4.6130789159893935 -43.57241747090381 -0.0023768208494106056 0.40639013350243985 0.08073564928042812 0.9101226098992303
44.39782240876476 5.106881697000188 -43.878733615752004 -0.004204582744460531 0.4104315151721887 0.08592784362016366 0.9078241561713343
43.61331374695995 5.663461841331175 -44.51018628012338 -0.005781942994272309 0.4179751264681908 0.0917756781480864 0.9037923365959516
43.27003578662257 5.8902740399930815 -44.762062258468276 -0.005739801409271499 0.4213490658059275 0.09390960216343161 0.9020049922510187
43.03979131878799 6.413878073211838 -44.84482569998122 -0.006792154338575423 0.42331470133384874 0.09912386442753186 0.9005181784811608
42.65960382697268 6.622903012873786 -45.13012402380563 -0.0062847040089039005 0.42683649434989607 0.10104027510275988 0.8986445194812964
42.219187565595796 7.006536072552818 -45.45795215406815 -0.005676591004502688 0.43052123764046474 0.104312644768209 0.8965144239757392
41.718338571793204 7.1064011571123 -45.84823497316775 -0.004470950349727685 0.4349968177880611 0.10500229677455067 0.8942775278342288
41.379651761537296 7.050440539598329 -46.1386977720953 -0.002780205586632473 0.43856851133651464 0.10404037298253489 0.8926508455777233
40.920925307865886 7.0571429189100465 -46.52517144043539 -0.0007350315172326513 0.4428743747338784 0.10337595425727537 0.8906038176507793
40.44608726860014 7.111184437067073 -46.90283764576274 0.0011119775579226624 0.4472530944403478 0.10320153940608778 0.8884328197920526
39.93107720675188 6.949550070562521 -47.27620100281554 0.003649159916460597 0.4523452766277518 0.10086051464048539 0.8861137573308087
39.55372372263006 7.1458968443016975 -47.52834594557226 0.0028271935518868305 0.4557109776959154 0.10348699690784337 0.8840870733446163
39.16210860052099 6.792477318307317 -47.85144265809118 0.0052181077565656864 0.46012481998704297 0.09956463487677994 0.8822385192594947
38.67646914239303 6.699426091478771 -48.21486547966494 0.006188415833661895 0.4647209294915755 0.09869086951756123 0.8799183334127227
37.596966764496436 6.257551969071002 -48.96968108447251 0.009280691222269807 0.4747700973220659 0.09386621868284072 0.8750407741639347
37.138361017527934 6.204215170454482 -49.23409249831289 0.009939839536330037 0.47899481089392465 0.09349817439856757 0.8727675876834683
36.74533531212201 6.075131588567196 -49.533540781987234 0.010366065818288465 0.48247476501207337 0.09232155157575596 0.8709692169764902
36.409808688935215 5.84471454066519 -49.776941063759296 0.010400831883800848 0.48569097873239264 0.09048277040186925 0.8693727417710415
36.16675287447387 5.559212459485956 -49.924297822914916 0.010565883622703684 0.48843272788192754 0.0880461052392379 0.8680839336085489
35.82435196784716 5.425618476584617 -50.08889543572214 0.00965361929823113 0.49173346576654353 0.0876692378668749 0.8662673438445603
35.28706349219213 5.015740369552117 -50.49652754156611 0.010129933345360562 0.49628592890627465 0.08388387100240853 0.8640377060092377
34.798509325041564 4.836663557617143 -50.75762212046786 0.009700680184662813 0.500541282864744 0.08274295252781144 0.8616947979180631
34.53338705646286 4.384218785383062 -50.91405871062013 0.01045220443700596 0.5037035814717677 0.07830351504657096 0.8602569458983012
33.882366496666556 4.514761851403786 -51.28394168669729 0.008154338702847727 0.5084441928559883 0.08100813218553925 0.8572372437261181
33.73598287454766 4.153448639336177 -51.32627750076294 0.007898938196746436 0.510826427209419 0.07796154199204375 0.8561051138791586
33.119592215575636 4.354567767082485 -51.61184742084949 0.005545662030710416 0.51529537415798 0.08130825611186097 0.8531288826971436
32.59102952741721 4.2688404150899695 -51.92313902940738 0.005907131834617335 0.5192712514322874 0.08004872128084765 0.8508317550789556
32.04587950589382 4.159250427408427 -52.06794007473902 0.0049006436462515545 0.5237097141365326 0.07983851001750941 0.8481332037652268
31.390000495159452 3.784278240166043 -52.40008643051064 0.003217541175059716 0.529704720929157 0.07755409430486426 0.8446229445798302
31.305745620408654 3.981457498541974 -52.244513059969904 -0.0003452416514805758 0.5313102464286563 0.08195496527429912 0.8432038226401793
30.896639228821382 3.9892074150282473 -52.38103143326609 -0.0007912291825284347 0.534550839231323 0.08216632175883555 0.8411322546437585
30.45740300630765 4.057578571196377 -52.578052122730114 -0.003373193167927393 0.5378208690067349 0.08471024944717188 0.8387857343012519
30.291939731452484 3.9156194297692517 -52.41432959978192 -0.00436024341622574 0.5404087944917936 0.08427422565577497 0.8371601865852181
29.544428916363913 4.197281255251959 -52.87689913721466 -0.0034471345462805305 0.5447700616833426 0.08567774023944921 0.8341900394900483
29.448204794163644 4.025780844159815 -52.686667872798616 -0.007943127253187361 0.5468915865365074 0.0880681741986784 0.8325205679130894
28.863855048088325 4.317499239269859 -53.04119312910398 -0.006255849939110719 0.5506029566669285 0.08887750976738419 0.8299988172935696
28.46472465554174 4.431978151632545 -53.05720080040909 -0.008432771478950678 0.5537946795292864 0.09177129991325178 0.8275375337726204
27.9689288817036 4.350252940255582 -53.306233467940665 -0.010227432749537364 0.5572787603270272 0.09252018473962773 0.8250913878616543
27.81470386975931 4.501647234044007 -53.23747598369477 -0.01178313626144037 0.5591013484959548 0.09505814426092289 0.8235476847271922
27.190989877290793 4.644804825022604 -53.490371245045715 -0.013651783097438223 0.5629756015905719 0.09791999921317472 0.8205387099863638
26.947751418787202 4.949217181931412 -53.44637754272363 -0.014501055178560568 0.5650143536371618 0.10121001736286432 0.8187215839148846
26.49517800791095 5.036314148669715 -53.55640266436903 -0.017039958423228075 0.5679368360804073 0.10437713476447455 0.8162492289602913
25.986440615136225 5.548945685382568 -53.523453489180554 -0.01813829384614831 0.5711745016291344 0.1106234441476927 0.8131378386165307
25.982395205682174 5.805962999699285 -53.37747563213414 -0.01825284418892847 0.5714990096457696 0.11342076861017018 0.81252165811183
25.76763189495237 6.139965178884897 -53.33573944346681 -0.017743620195499694 0.5725418175186668 0.11653750584938827 0.8113569133650019
25.58606695035175 6.42144089281285 -53.35078017324035 -0.01738761054577134 0.5733638191747769 0.11938757729710657 0.8103691802184667
25.585878828877977 6.684446121426967 -53.21170913717188 -0.015975265692380582 0.5734546920796065 0.1212167281187515 0.8100623505892162
25.48791954277895 7.012757623892943 -53.14621695174936 -0.01465871187459201 0.5737883438491337 0.1237049854936892 0.8094746044151429
25.476252221178942 7.270438930366129 -52.99812683201406 -0.013252020287789696 0.573772229858637 0.12553670056026442 0.8092282428423899
25.429866333021483 7.461399320241477 -52.903237696867684 -0.01146819058447364 0.574180102198695 0.12666130595841935 0.8087908285933528
25.332349266638587 7.57229320661736 -52.8172494422177 -0.009665856684481989 0.5750334963886053 0.1271349806862227 0.8081334951179568
25.145917417893315 7.699808485513053 -52.76711489273019 -0.00773675101870551 0.5764256842075536 0.12762772240865747 0.8070840958303583
24.783470953400784 7.8156636505047405 -52.84540716362576 -0.005086273692434696 0.5786916012524467 0.1273252420399112 0.8055299145278735
24.569484877734578 7.884279207085337 -52.87808091525941 -0.003229352241516015 0.5804466379633499 0.12728574890489283 0.8042820462293465
24.121693809888665 7.858956982002329 -52.753265821039065 0.00041283445918073884 0.58457300899961 0.1260566876387598 0.8014885764740477
23.66138288419796 7.801567447014082 -52.98327435749881 0.0034324158215227924 0.5878258240354726 0.12380371875322119 0.7994508479834886
23.46494670450217 7.693131681425432 -52.890017768220126 0.005077701675691719 0.5901810402899638 0.12240877850366721 0.7979202012564847
22.96027877590287 7.614219819299149 -53.00151729468269 0.00749181186674918 0.5937510689318466 0.1203582125802971 0.795561086002652
22.507473354622668 7.4193059350803905 -53.15944836645557 0.009646152627042149 0.5973161405088233 0.11766633900063879 0.7932685627789156
22.105023744798398 7.197556149935353 -53.22532305983078 0.011332353395291992 0.6008167220396657 0.11500827757044411 0.7909892163451503
21.622979399479213 6.891449336857743 -53.33872270718812 0.013057468334501682 0.6046993866470836 0.11171322590186902 0.7884721361392122
21.26752552466285 6.640805568040021 -53.3988572588671 0.0148572791065575 0.6081749635028367 0.10834403812709384 0.7862340900954295
20.60708747227988 6.298577770941547 -53.56947045344872 0.017038535277760048 0.6130137825045708 0.10365863563930569 0.7830572635717168
19.99221367010784 5.94342397367099 -53.78805326657004 0.018061314996001904 0.6177544105148091 0.09949802704247789 0.7798419197534654
19.48363874655329 5.468396349878202 -53.83785105895474 0.01559117700137983 0.6219378227862301 0.09810052506264562 0.7767409779135312
18.919734953122028 5.061943772189691 -53.91440064262468 0.016937111506267605 0.6265301187238459 0.09271317274712987 0.7736778478054472
18.429684083616678 4.827966310702841 -54.15765682231949 0.018473519987305734 0.6303236847553508 0.08838869360838152 0.7710630456311075
17.94972973443145 4.429530221111945 -54.17985198296815 0.01767750461171077 0.6340579957698796 0.08517689313793074 0.768376770019992
17.011087956978276 3.7201792765033623 -54.41699034554583 0.013724716583373707 0.6406737129601607 0.08131588519299011 0.7633718310835345
16.816259048293666 3.264903072040696 -54.287711937801085 0.011478348595120362 0.6431456362113701 0.07882694346667535 0.7615892929391159
16.11127005153444 2.7954852715640626 -54.42958184224486 0.004939449723082874 0.6468527250832946 0.08096431923425308 0.7582888189203919
15.873270431703393 2.486441747732608 -54.41689923874031 0.004158619539927379 0.649144727197982 0.07782279719859754 0.7566620390047103
15.435597268336418 2.312759934653756 -54.4373930505877 0.003784675034176655 0.6520428344228426 0.07526675493500144 0.7544274212369707
15.072425593850848 1.9619973764046204 -54.421614945431855 -0.000525837612214534 0.6546146461843532 0.07583805518962146 0.7521489067204683
14.659423803434853 1.6565310026249038 -54.546810486612124 -0.001779065260700878 0.6572711914753387 0.07331415552592221 0.7500776295710382
14.57234396383821 1.37512647312839 -54.35138755778031 -0.005307486907240459 0.6589577238780888 0.07397384399364934 0.7485148088908737
14.007661394550766 1.2864401332914914 -54.283175652467555 -0.009002243447982264 0.6621022111745227 0.07603404924200839 0.7454920824036798
13.863823657585863 1.1025808746947596 -54.17566152854915 -0.009884427460517192 0.6640624440074381 0.07433505767979556 0.7439070289709511
13.619639999154904 1.0044738592322244 -53.83946839034082 -0.010372114009614571 0.6665358185593063 0.07305293997578652 0.7418124357203385
13.184997775385346 0.9698634228333494 -53.87891254946581 -0.013544050833332573 0.6691590711633092 0.0755554152952616 0.7391441506136959
12.633840871438819 0.8790529914834107 -53.44620265261549 -0.01685207603543488 0.6740556906770242 0.07709421699943622 0.7344531401692418
12.102894053501036 0.7994556840467387 -53.36223776353846 -0.018337177246015243 0.6771736384169651 0.07783432031841006 0.731465262295038
12.288043160585065 0.9488367486017886 -52.55018573066333 -0.02231335454181843 0.6785776491986952 0.08285104587836942 0.7294999605304473
11.80500363778014 0.8598296050229213 -52.69901761412708 -0.024034062551050808 0.6812178060807197 0.08413494764876833 0.7268328384848901
11.486128926968357 1.069547127578631 -52.535614995333766 -0.02396320429360254 0.6836413864320263 0.08528237482869562 0.7244219323991081
11.158354459022245 1.086621296755719 -52.39570056726989 -0.025986206371098542 0.6859542821039232 0.08768989028566264 0.7218738969400532
10.577977700896998 1.3103233031383184 -52.4750005961781 -0.02606833324456749 0.6886667024258266 0.08955092991686942 0.7190544109612376
10.782710741309884 1.3829625629485054 -51.69454315575826 -0.029589382404623263 0.6895756236381662 0.09460656656903049 0.7173977455323977
10.404258492824958 1.4544500601877097 -51.67345298746612 -0.03175825820114583 0.6916605081009217 0.09824537959641921 0.7148041689564771
10.412216878389026 1.6155740738045299 -51.328297983189415 -0.030473237967353906 0.6928612687779466 0.09829043373228633 0.7136901531000118
10.316686017250014 1.7625040474994054 -50.908957178927 -0.032580652831847544 0.6942417006924251 0.10285670005898967 0.7116090649603298
10.315986492522471 2.087272870488769 -50.38778688519397 -0.032338373225287584 0.6951661149084705 0.1057822664701343 0.7102875575431734
10.279368943204544 2.3469079485500166 -49.86467313988414 -0.033503185429731366 0.6958569494111293 0.11072254550512507 0.7088026244584341
9.749943421673755 2.931222286353715 -49.98253142308407 -0.029804536033196632 0.6973018028019543 0.11481788214478005 0.7068937256623361
10.250294090797798 3.1385825993951006 -49.19196344833478 -0.028589859304851455 0.6967310527318913 0.11738195835143166 0.7070855223787448
10.32765345213926 3.4261923995031944 -48.62566465205493 -0.028191295432553512 0.6969443808570658 0.12201930130943607 0.7061055664428323
10.068401327118652 3.801314249641093 -48.494557588915264 -0.02369666617002779 0.6980062321168307 0.12209890501627949 0.7052075051588129
10.096906318905091 4.0294496366980574 -48.53053897186861 -0.02031382386431781 0.6985045555682723 0.12297106020656816 0.7046679024633181
9.892891496419892 4.493513694993474 -48.05834069482109 -0.016693086051524537 0.699725731921138 0.12523662135251573 0.7031507872694952
9.55028453971229 4.778703173860167 -48.191266055762654 -0.013534555711111236 0.7012176229590398 0.1269881688879165 0.701416186023584
9.55134218166698 5.309624356018664 -47.54621104995373 -0.009548304651596614 0.7020923089651107 0.12931292845719153 0.7001809666822895
9.039525395930157 5.503956960488243 -47.41382193577273 -0.005588222115783501 0.7044310171999513 0.12986573182670832 0.6977683035774412
9.116989801829947 5.627720659488365 -47.12042473241178 -0.0032798719184957844 0.7053789232145106 0.1314300008534327 0.6965313862279308
8.508378965806362 5.840414933050586 -46.88805233174915 0.000160256457592596 0.7079929498235537 0.13211929048374726 0.6937510002876264
8.553151589835549 6.069040007342037 -46.715106920645944 0.0034112157143109246 0.709323115905053 0.13282981360812227 0.6922465756267261
8.413096821805405 6.333658613722703 -46.52509803525738 0.006763484208889581 0.7109619595561801 0.13340258912469258 0.6904281979758802
7.807666865551911 6.623680507624144 -45.994896267954616 0.01207907390576672 0.7151880577043263 0.13435899362750928 0.6857899087345157
7.0809768962382815 6.835309531390683 -45.876596043166565 0.014807892684890052 0.7180915655784811 0.1342045834997795 0.6827256839514168
6.727456944171619 6.983164504963334 -45.56473895470706 0.016516899222192873 0.7202330089083899 0.1345147971375599 0.6803656180833159
6.923214402841853 6.4821304591447815 -45.21474774920624 0.015259708722626645 0.7214260155756972 0.13444226258049002 0.6791442581458766
6.547211092197934 6.514533089112369 -45.0642531786455 0.015365375836770999 0.7235557785572889 0.13496497380495448 0.6767683476549257
6.0846366253775654 6.171410991400483 -45.05640385828146 0.014200461903014558 0.7258592200440436 0.13495487883406962 0.6743247883903393
6.744001500958656 6.456427044319618 -44.06114957686221 0.016699765317045773 0.7267400163489006 0.13345360075737378 0.6736172525406744
5.790049089730314 6.256434289882486 -44.36982215201438 0.015881388959061566 0.7298966013745303 0.1333887551722709 0.6702284482027254
5.620415644016465 6.235393290449553 -44.22823973631087 0.016066817565773977 0.7316992861809202 0.132703421330005 0.6683919613093436
5.841150885238288 6.072430142115534 -43.376708086568826 0.014677718284795416 0.7330373667753608 0.13355594079762892 0.6667860182807208
5.848431951132002 5.661374636158737 -43.3198418660106 0.01253172653114414 0.7345396689693293 0.13386987329685796 0.6651114850640156
5.537619616597101 5.334937425406729 -43.06711011329034 0.011165355957147636 0.7365877420093038 0.13366422945319442 0.6629085207724139
5.071837835976576 5.540594139914112 -42.6240913640898 0.011883382544521492 0.738829835049084 0.13360143889767473 0.6604089002921711
4.832310023694947 5.784146834845832 -42.35818862398125 0.010972653594093265 0.7416013006586882 0.13437642838653005 0.6571530166015568
5.006403070242633 5.540720429467729 -41.27909073265401 0.01006894786526122 0.7429223705819658 0.13443564916296577 0.6556615161894829
5.0567508740174 5.62223782793718 -40.91358217204862 0.01001470936063776 0.7438744319011634 0.13482297973987656 0.6545023294795859
5.060642896022628 5.554358282194216 -40.55771827973116 0.008443588718139768 0.7446915803269377 0.13635589326678116 0.6532765313182048
5.071045981482308 5.367431358368509 -40.21375806951786 0.007717913691203528 0.7453732209330503 0.1367945636499231 0.6524158510336584
4.837763747691339 5.512078118393571 -40.34271530732108 0.007266600930470692 0.7460175668475111 0.13833314826612547 0.6513592914487509
5.3392747943798256 4.181903903139406 -39.99572119056122 0.0020387302410173986 0.7457252750177326 0.14002980780928015 0.6513687977663867
4.872233005345551 4.054352990288214 -39.94011331117951 0.0004045977548387559 0.7462462200744376 0.14292860748464978 0.6501444673976469
5.1080098931619276 5.224575052070553 -39.34895351522514 0.005255624205577066 0.7457849457271631 0.14369039245093168 0.6504846379878925
4.886626712028494 4.7977898709709725 -39.08170383017773 0.0039022621411625848 0.746043990050546 0.14581462183308802 0.6497239670193151
4.893327919116353 4.761427688969486 -38.88134260537625 0.004351385181364731 0.7458882939246018 0.1472926896593021 0.649566456958931
5.005846609938197 4.7807281909392705 -38.8944545430548 0.0045580328061637036 0.745632118921184 0.14924352955318287 0.6494138406721496
5.475105620821572 4.541446514536422 -38.00609084731261 0.005167390945599982 0.745352486386435 0.15034238531230823 0.6494768173591574
5.1608787187535095 4.869482884754899 -38.030784476798345 0.007987194267468774 0.746514558108685 0.15311704611313523 0.6474622687455359
4.772383505663344 4.810692101856905 -37.728532847204356 0.008413110021594951 0.7476385271119029 0.15531413138974373 0.6456340859560924
4.49210109819371 4.805992449932005 -37.722464568263874 0.009848710792004075 0.7488009730257187 0.1559558041753775 0.6441101558238964
4.313044528432254 4.666017756571463 -37.16109251571084 0.011625686306960656 0.7502444536711249 0.15595262041642127 0.6423993176668694
4.089260345649913 5.036913864975744 -36.62475202802517 0.015176474545456713 0.7519121369606361 0.15523855862495922 0.6405457070558717
4.269520332463723 4.450400336923418 -36.77464413973885 0.013778396028281093 0.7529682024966076 0.15560631388811436 0.6392462099301561
3.6682032223958747 4.312170610839639 -36.311598857801954 0.014605528773119578 0.7555394627140515 0.1556855785858513 0.6361672731533815
3.1798309282264285 4.633368892053485 -36.47668046638986 0.016778870320813977 0.758063601584036 0.15489410639818027 0.6332976087648735
2.654299488311066 4.33838684485159 -36.33080119655935 0.016058333300490002 0.7607309915033954 0.15504133860626412 0.6300735447715994
2.75496327281686 4.175433355017727 -35.416141385650114 0.017192030546085788 0.7630700392356223 0.15394487744062435 0.6274787040342
2.573182013602137 3.8700692882110275 -35.49251706504373 0.016103713119121635 0.7653707725950979 0.15378389538788323 0.6247389570054755
2.5873176489136056 3.1807305196318585 -34.91275321228254 0.013467071407905018 0.7676814289140618 0.15408716880442472 0.6218850425102667
-0.05297265600072766 4.147237806800892 -35.46510801226524 0.017988465061025243 0.7756899738935792 0.15054452771328208 0.6126318835167754
0.1545650401403816 3.4381527937439698 -34.94521803608868 0.013347070280180569 0.7777736594148675 0.15243400773584015 0.6096342048482283
-0.9196647888282884 3.18177092335107 -35.99518832353613 0.011656824211746164 0.7810031745927807 0.15086764277420375 0.6059184054714383
-0.7240121905651458 3.2026933397595783 -35.91613206412653 0.010880970040245621 0.7829412825329202 0.15029774300032644 0.6035686713586927
-1.3067913235945126 2.539924080131544 -35.2290552958954 0.007477543895798473 0.7863140644206101 0.15064722380576873 0.5991324497898959
-1.6811699827493882 2.8201600756845915 -35.478544953468294 0.005521834922506055 0.7887298043868127 0.1510679429277518 0.5958634756641878
-1.3874482949655929 2.676539703044321 -35.099256802765616 0.004694500007361218 0.7907934086014088 0.14958579121363233 0.5935047073522153
-2.5768513390560606 2.02803235217079 -34.489086381712276 0.0021791547628707093 0.7944715586853415 0.14892718788437612 0.5887536721188708
-2.8872989698351095 1.746293785182314 -34.047355535972564 -0.0024419399002738344 0.7967178133306305 0.150995803429405 0.5851794854554381
-2.65464688565439 1.5988895545887922 -34.4819603964042 -0.005143486577552237 0.7979797492646539 0.1514350673444933 0.5833260534964264
-3.1815449377797846 1.71351160056351 -34.51080404985949 -0.005839293699717726 0.8002445157553095 0.15155661439916535 0.5801768784469972
-3.393878276249589 1.4909768517720654 -33.86515537672583 -0.0081072818266502 0.8023042209935429 0.15302757641626014 0.5769096721441702
-3.438784743789223 1.6655420208984162 -34.74371507348004 -0.008831324115029631 0.8035940805729964 0.15305483360794 0.5750937134864732
-3.6153243882726778 1.635276271203886 -35.121410421633975 -0.010245516431013174 0.8054801355966785 0.15359606069473108 0.5722805524314794
-3.7360787701472424 1.3020143542946852 -33.900994358708374 -0.009365692443359191 0.8081819634110577 0.1517457801379999 0.5689704878395841
-4.534498430091625 1.2098533053124494 -33.60579526995144 -0.010592809876262073 0.8124204401519608 0.15304239317979143 0.5625289740911322
-5.042901307651429 1.015780712991893 -32.793254407277026 -0.011926515775341213 0.8148580627723614 0.15466308809815088 0.5585189566489919
-4.802908856723361 1.6447454807841593 -35.44765660830522 -0.008149068670890056 0.8161817175295963 0.15184558274771331 0.5574261526428794
-5.241541143597338 1.2740087972399958 -33.79897732027794 -0.008305679349763248 0.8186081816242351 0.15266080163185589 0.5536301475836759
-5.208213967592174 1.0963990510325485 -34.25269504404071 -0.0022496734134707917 0.820911698652957 0.14596871249561028 0.552079755974282
-5.727746077970061 0.823459691451891 -32.48056151644603 -0.004679056677194786 0.8230884634882387 0.15005172342133127 0.547711573731532
-5.814511928263044 1.2470731911580863 -33.99326748743035 -0.0005385744416322882 0.8248341039265455 0.14782315689830716 0.5457075455057249
-6.099632419315 1.4245517501940912 -33.91639658015193 -0.0007712212364000817 0.8262757341916277 0.1502558914743533 0.5428544771678133
-6.224335949124606 1.7699092986312348 -34.36333655551676 0.0036156982182958524 0.8279322613512149 0.14913600549094766 0.5406232969512708
-6.382764028530677 2.002365700779006 -35.06892839696947 0.005173632699215143 0.8291414562087455 0.14966617320513792 0.5386071998394231
-6.869153533110539 1.3923706039215107 -32.380897265883924 0.006966786716456579 0.8314225962660104 0.14999929323020522 0.5349655524719079
-6.947050868821047 2.1314219903153515 -34.22566762923692 0.011610147355227937 0.8325538059994855 0.14985503077494916 0.5331630466804691
-7.096877989444376 1.9217589596250597 -34.06147509692922 0.016111615261277124 0.8339082331854323 0.1458370997549824 0.5320423054741795
-7.11774264641045 2.131541531773824 -33.99970837575161 0.01470276089849197 0.8338122450944128 0.1495932553396868 0.5311900099864951
-7.357998682524357 1.867960868101231 -33.044380053752114 0.01566285739674332 0.8350100487399504 0.14949861374706697 0.5293043150109221
-7.0917615588963905 2.612397299979179 -35.492022086853716 0.018803661146814137 0.8344745978809388 0.14777545762444239 0.5305289642826373
-7.337516256309458 1.8111683191692303 -32.74769057456146 0.016598640402230514 0.8357880506987823 0.15021468197925267 0.5278431289349145
-7.5140586087266215 1.40697222282899 -31.431251571371785 0.01639782841150144 0.8371859695515629 0.1499855790367212 0.5256948636713286
-7.428775685290027 2.115053524348424 -34.17090870437602 0.017297337366888255 0.8369633576989466 0.14927787318954214 0.5262216800601512
-7.399597419888126 2.8294768290916505 -36.62434937738062 0.017278711714625188 0.8370293420196615 0.1494791074889605 0.5260601896588628
-7.399597419888124 2.8294768290916514 -36.62434937738062 0.017278711714625136 0.8370293420196585 0.14947910748895998 0.5260601896588644
